Vertex:1134

Data:

-2.24727 -0.225818 -1.1495 0.576929 0.565662 1 0 -0
-2.24727 0.4 -2.8505 0.707403 0.14634 1 0 -0
-2.24727 0.4 -1.1495 0.707403 0.565662 1 0 -0
-2.24727 0.4 -2.8505 0.707403 0.14634 1 0 -0
-2.24727 -0.274498 -1.1495 0.56678 0.565662 1 0 -0
-2.24727 -0.274498 -2.8505 0.56678 0.14634 1 0 -0
-2.24727 -0.274498 -1.1495 0.56678 0.565662 1 0 -0
-2.24727 0.4 -2.8505 0.707403 0.14634 1 0 -0
-2.24727 -0.225818 -1.1495 0.576929 0.565662 1 0 -0
-1.31668 0.4 -1.20765 0.962069 0.970762 1 0 -0
-1.31668 0.344172 -1.1 0.949317 0.98188 1 0 -0
-1.31668 0.344172 -1.20765 0.949317 0.970762 1 0 -0
-1.31668 0.4 -1.1 0.962069 0.98188 1 0 -0
-1.31668 0.344172 -1.1 0.949317 0.98188 1 0 -0
-1.31668 0.4 -1.20765 0.962069 0.970762 1 0 -0
-2.31668 -0.344172 -2.79981 0.811374 0.927594 -1 0 -0
-2.31668 -0.4 -2.9 0.801453 0.936245 -1 0 -0
-2.31668 -0.4 -2.79981 0.801453 0.927594 -1 0 -0
-2.31668 -0.344172 -2.9 0.811374 0.936245 -1 0 -0
-2.31668 -0.4 -2.9 0.801453 0.936245 -1 0 -0
-2.31668 -0.344172 -2.79981 0.811374 0.927594 -1 0 -0
-1.31668 -0.344172 -2.79981 0.792096 0.581869 1 0 -0
-1.31668 -0.4 -1.20765 0.779344 0.970762 1 0 -0
-1.31668 -0.4 -2.79981 0.779344 0.581869 1 0 -0
-1.31668 -0.344172 -1.20765 0.792096 0.970762 1 0 -0
-1.31668 -0.4 -1.20765 0.779344 0.970762 1 0 -0
-1.31668 -0.344172 -2.79981 0.792096 0.581869 1 0 -0
-1.3861 0.4 -1.1495 0.704924 0.577444 -1 0 -0
-1.3861 -0.274498 -2.8505 0.56308 0.996766 -1 0 -0
-1.3861 -0.274498 -1.1495 0.56308 0.577444 -1 0 -0
-1.3861 0.4 -2.8505 0.704924 0.996766 -1 0 -0
-1.3861 -0.274498 -2.8505 0.56308 0.996766 -1 0 -0
-1.3861 0.4 -1.1495 0.704924 0.577444 -1 0 -0
-2.31668 0.344172 -2.79981 0.933692 0.927594 -1 0 -0
-2.31668 -0.344172 -2.9 0.811374 0.936245 -1 0 -0
-2.31668 -0.344172 -2.79981 0.811374 0.927594 -1 0 -0
-2.31668 0.344172 -2.9 0.933692 0.936245 -1 0 -0
-2.31668 -0.344172 -2.9 0.811374 0.936245 -1 0 -0
-2.31668 0.344172 -2.79981 0.933692 0.927594 -1 0 -0
-1.36185 -0.4 -2.9 0.875028 0.240916 0 -1 -0
-1.31668 -0.4 -2.79981 0.863028 0.25205 0 -1 -0
-1.36185 -0.4 -2.79981 0.863028 0.240916 0 -1 -0
-1.31668 -0.4 -2.9 0.875028 0.25205 0 -1 -0
-1.31668 -0.4 -2.79981 0.863028 0.25205 0 -1 -0
-1.36185 -0.4 -2.9 0.875028 0.240916 0 -1 -0
-1.31668 0.344172 -2.79981 0.174408 0.566452 1 0 -0
-1.31668 -0.344172 -1.20765 0.004721 0.986179 1 0 -0
-1.31668 -0.344172 -2.79981 0.004721 0.566452 1 0 -0
-1.31668 0.344172 -1.20765 0.174408 0.986179 1 0 -0
-1.31668 -0.344172 -1.20765 0.004721 0.986179 1 0 -0
-1.31668 0.344172 -2.79981 0.174408 0.566452 1 0 -0
-1.36185 -0.344172 -2.9 0.939472 0.526238 0 0 -1
-1.31668 -0.4 -2.9 0.925709 0.537372 0 0 -1
-1.36185 -0.4 -2.9 0.92571 0.526238 0 0 -1
-1.31668 -0.344172 -2.9 0.939472 0.537372 0 0 -1
-1.31668 -0.4 -2.9 0.925709 0.537372 0 0 -1
-1.36185 -0.344172 -2.9 0.939472 0.526238 0 0 -1
-2.24727 -0.274498 -1.1495 0.349314 0.131139 0 1 -0
-1.3861 -0.274498 -2.8505 0.561604 0.550461 0 1 -0
-2.24727 -0.274498 -2.8505 0.349314 0.550461 0 1 -0
-1.3861 -0.274498 -1.1495 0.561604 0.131139 0 1 -0
-1.3861 -0.274498 -2.8505 0.561604 0.550461 0 1 -0
-2.24727 -0.274498 -1.1495 0.349314 0.131139 0 1 -0
-1.3861 0.4 -2.8505 0.001992 0.299954 0 0 1
-2.24727 -0.274498 -2.8505 0.168266 0.087664 0 0 1
-1.3861 -0.274498 -2.8505 0.168266 0.299954 0 0 1
-2.24727 0.4 -2.8505 0.001992 0.087664 0 0 1
-2.24727 -0.274498 -2.8505 0.168266 0.087664 0 0 1
-1.3861 0.4 -2.8505 0.001992 0.299954 0 0 1
-2.31668 0.4 -2.79981 0.943612 0.927594 -1 0 -0
-2.31668 0.344172 -2.9 0.933692 0.936245 -1 0 -0
-2.31668 0.344172 -2.79981 0.933692 0.927594 -1 0 -0
-2.31668 0.4 -2.9 0.943612 0.936245 -1 0 -0
-2.31668 0.344172 -2.9 0.933692 0.936245 -1 0 -0
-2.31668 0.4 -2.79981 0.943612 0.927594 -1 0 -0
-1.31668 0.4 -2.79981 0.962069 0.581869 1 0 -0
-1.31668 0.344172 -1.20765 0.949317 0.970762 1 0 -0
-1.31668 0.344172 -2.79981 0.949317 0.581869 1 0 -0
-1.31668 0.4 -1.20765 0.962069 0.970762 1 0 -0
-1.31668 0.344172 -1.20765 0.949317 0.970762 1 0 -0
-1.31668 0.4 -2.79981 0.962069 0.581869 1 0 -0
-1.36185 0.344172 -2.9 0.82253 0.542236 0 0 -1
-1.31668 -0.344172 -2.9 0.81298 0.39667 0 0 -1
-1.36185 -0.344172 -2.9 0.82253 0.39667 0 0 -1
-1.31668 0.344172 -2.9 0.812979 0.542236 0 0 -1
-1.31668 -0.344172 -2.9 0.81298 0.39667 0 0 -1
-1.36185 0.344172 -2.9 0.82253 0.542236 0 0 -1
-1.31668 -0.344172 -2.9 0.792096 0.570751 1 0 -0
-1.31668 -0.4 -2.79981 0.779344 0.581869 1 0 -0
-1.31668 -0.4 -2.9 0.779344 0.570751 1 0 -0
-1.31668 -0.344172 -2.79981 0.792096 0.581869 1 0 -0
-1.31668 -0.4 -2.79981 0.779344 0.581869 1 0 -0
-1.31668 -0.344172 -2.9 0.792096 0.570751 1 0 -0
-2.31668 0.4 -2.9 0.972872 0.290857 0 0 -1
-2.26876 0.344172 -2.9 0.959109 0.30267 0 0 -1
-2.31668 0.344172 -2.9 0.959109 0.290857 0 0 -1
-1.31668 0.4 -2.9 0.972872 0.537372 0 0 -1
-2.26876 0.344172 -2.9 0.959109 0.30267 0 0 -1
-2.31668 0.4 -2.9 0.972872 0.290857 0 0 -1
-1.36185 0.344172 -2.9 0.959109 0.526238 0 0 -1
-1.31668 0.4 -2.9 0.972872 0.537372 0 0 -1
-1.31668 0.344172 -2.9 0.959109 0.537372 0 0 -1
-1.31668 0.4 -2.9 0.972872 0.537372 0 0 -1
-1.36185 0.344172 -2.9 0.959109 0.526238 0 0 -1
-2.26876 0.344172 -2.9 0.959109 0.30267 0 0 -1
-2.24727 0.4 -2.8505 0.765247 0.985976 0 1 0
-1.31668 0.4 -2.9 0.99465 0.998179 0 1 -1e-06
-2.31668 0.4 -2.9 0.748135 0.998179 0 1 0
-1.3861 0.4 -2.8505 0.977537 0.985976 0 1 -1e-06
-1.31668 0.4 -2.9 0.99465 0.998179 0 1 -1e-06
-2.24727 0.4 -2.8505 0.765247 0.985976 0 1 0
-2.31668 0.4 -2.79981 0.748135 0.986179 0 1 -0
-2.24727 0.4 -2.8505 0.765247 0.985976 0 1 0
-2.31668 0.4 -2.9 0.748135 0.998179 0 1 0
-2.31668 0.4 -2.79981 0.748135 0.986179 0 1 -0
-2.24727 0.4 -1.1495 0.765247 0.566654 0 1 0
-2.24727 0.4 -2.8505 0.765247 0.985976 0 1 0
-2.31668 0.4 -1.20765 0.748135 0.566452 0 1 -0
-2.24727 0.4 -1.1495 0.765247 0.566654 0 1 0
-2.31668 0.4 -2.79981 0.748135 0.986179 0 1 -0
-2.31668 0.4 -1.1 0.748135 0.554452 0 1 -0
-2.24727 0.4 -1.1495 0.765247 0.566654 0 1 0
-2.31668 0.4 -1.20765 0.748135 0.566452 0 1 -0
-2.26876 0.4 -1.1 0.759948 0.554452 0 1 0
-2.24727 0.4 -1.1495 0.765247 0.566654 0 1 0
-2.31668 0.4 -1.1 0.748135 0.554452 0 1 -0
-1.3861 0.4 -2.8505 0.977537 0.985976 0 1 -1e-06
-1.31668 0.4 -2.79981 0.99465 0.986179 0 1 -0
-1.31668 0.4 -2.9 0.99465 0.998179 0 1 -1e-06
-1.3861 0.4 -1.1495 0.977537 0.566654 0 1 -0
-1.31668 0.4 -2.79981 0.99465 0.986179 0 1 -0
-1.3861 0.4 -2.8505 0.977537 0.985976 0 1 -1e-06
-1.3861 0.4 -1.1495 0.977537 0.566654 0 1 -0
-1.31668 0.4 -1.20765 0.99465 0.566452 0 1 -0
-1.31668 0.4 -2.79981 0.99465 0.986179 0 1 -0
-1.3861 0.4 -1.1495 0.977537 0.566654 0 1 -0
-1.31668 0.4 -1.1 0.99465 0.554452 0 1 -0
-1.31668 0.4 -1.20765 0.99465 0.566452 0 1 -0
-1.3861 0.4 -1.1495 0.977537 0.566654 0 1 -0
-1.36185 0.4 -1.1 0.983516 0.554452 0 1 -0
-1.31668 0.4 -1.1 0.99465 0.554452 0 1 -0
-1.3861 0.4 -1.1495 0.977537 0.566654 0 1 -0
-2.26876 0.4 -1.1 0.759948 0.554452 0 1 0
-1.36185 0.4 -1.1 0.983516 0.554452 0 1 -0
-2.26876 0.4 -1.1 0.759948 0.554452 0 1 0
-1.3861 0.4 -1.1495 0.977537 0.566654 0 1 -0
-2.24727 0.4 -1.1495 0.765247 0.566654 0 1 0
-1.31668 0.344172 -2.9 0.949317 0.570751 1 0 -0
-1.31668 -0.344172 -2.79981 0.792096 0.581869 1 0 -0
-1.31668 -0.344172 -2.9 0.792096 0.570751 1 0 -0
-1.31668 0.344172 -2.79981 0.949317 0.581869 1 0 -0
-1.31668 -0.344172 -2.79981 0.792096 0.581869 1 0 -0
-1.31668 0.344172 -2.9 0.949317 0.570751 1 0 -0
-1.31668 0.4 -2.9 0.962069 0.570751 1 0 -0
-1.31668 0.344172 -2.79981 0.949317 0.581869 1 0 -0
-1.31668 0.344172 -2.9 0.949317 0.570751 1 0 -0
-1.31668 0.4 -2.79981 0.962069 0.581869 1 0 -0
-1.31668 0.344172 -2.79981 0.949317 0.581869 1 0 -0
-1.31668 0.4 -2.9 0.962069 0.570751 1 0 -0
-2.31668 0.4 -1.20765 0.943612 0.625036 -1 0 -0
-2.31668 0.344172 -2.79981 0.933692 0.927594 -1 0 -0
-2.31668 0.344172 -1.20765 0.933692 0.625036 -1 0 -0
-2.31668 0.4 -2.79981 0.943612 0.927594 -1 0 -0
-2.31668 0.344172 -2.79981 0.933692 0.927594 -1 0 -0
-2.31668 0.4 -1.20765 0.943612 0.625036 -1 0 -0
-1.31668 0.344172 -1.20765 0.949317 0.970762 1 0 -0
-1.31668 -0.344172 -1.1 0.792096 0.98188 1 0 -0
-1.31668 -0.344172 -1.20765 0.792096 0.970762 1 0 -0
-1.31668 0.344172 -1.1 0.949317 0.98188 1 0 -0
-1.31668 -0.344172 -1.1 0.792096 0.98188 1 0 -0
-1.31668 0.344172 -1.20765 0.949317 0.970762 1 0 -0
-1.36185 -0.4 -2.79981 0.765616 0.121967 0 -1 -0
-1.31668 -0.4 -1.20765 0.77446 0.541694 0 -1 -0
-1.36185 -0.4 -1.20765 0.765616 0.541694 0 -1 -0
-1.31668 -0.4 -2.79981 0.77446 0.121967 0 -1 -0
-1.31668 -0.4 -1.20765 0.77446 0.541694 0 -1 -0
-1.36185 -0.4 -2.79981 0.765616 0.121967 0 -1 -0
-2.24727 -0.274498 -1.1495 0.175644 0.087664 0 0 -1
-1.3861 0.4 -1.1495 0.341917 0.299954 0 0 -1
-1.3861 -0.274498 -1.1495 0.175644 0.299954 0 0 -1
-2.24727 -0.225818 -1.1495 0.187644 0.087664 0 0 -1
-1.3861 0.4 -1.1495 0.341917 0.299954 0 0 -1
-2.24727 -0.274498 -1.1495 0.175644 0.087664 0 0 -1
-2.24727 -0.225818 -1.1495 0.187644 0.087664 0 0 -1
-2.24727 0.4 -1.1495 0.341917 0.087664 0 0 -1
-1.3861 0.4 -1.1495 0.341917 0.299954 0 0 -1
-2.31668 0.344172 -1.20765 0.350557 0.566452 -1 0 -0
-2.31668 -0.344172 -2.79981 0.18087 0.986179 -1 0 -0
-2.31668 -0.344172 -1.20765 0.18087 0.566452 -1 0 -0
-2.31668 0.344172 -2.79981 0.350557 0.986179 -1 0 -0
-2.31668 -0.344172 -2.79981 0.18087 0.986179 -1 0 -0
-2.31668 0.344172 -1.20765 0.350557 0.566452 -1 0 -0
-1.36185 0.344172 -1.1 0.874038 0.526238 -0 0 1
-1.31668 0.4 -1.1 0.860276 0.537372 -2e-06 0 1
-1.36185 0.4 -1.1 0.860276 0.526238 -0 0 1
-1.31668 0.344172 -1.1 0.874038 0.537372 -3e-06 0 1
-1.31668 0.4 -1.1 0.860276 0.537372 -2e-06 0 1
-1.36185 0.344172 -1.1 0.874038 0.526238 -0 0 1
-1.31668 -0.344172 -1.20765 0.792096 0.970762 1 0 -0
-1.31668 -0.4 -1.1 0.779344 0.98188 1 0 -0
-1.31668 -0.4 -1.20765 0.779344 0.970762 1 0 -0
-1.31668 -0.344172 -1.1 0.792096 0.98188 1 0 -0
-1.31668 -0.4 -1.1 0.779344 0.98188 1 0 -0
-1.31668 -0.344172 -1.20765 0.792096 0.970762 1 0 -0
-2.31668 -0.344172 -1.20765 0.811374 0.625036 -1 0 -0
-2.31668 -0.4 -2.79981 0.801453 0.927594 -1 0 -0
-2.31668 -0.4 -1.20765 0.801453 0.625036 -1 0 -0
-2.31668 -0.344172 -2.79981 0.811374 0.927594 -1 0 -0
-2.31668 -0.4 -2.79981 0.801453 0.927594 -1 0 -0
-2.31668 -0.344172 -1.20765 0.811374 0.625036 -1 0 -0
-1.36185 -0.344172 -1.1 0.82253 0.393349 0 0 1
-1.31668 0.344172 -1.1 0.812979 0.247782 -3e-06 0 1
-1.36185 0.344172 -1.1 0.82253 0.247782 -0 0 1
-1.31668 -0.344172 -1.1 0.812979 0.393349 -0 0 1
-1.31668 0.344172 -1.1 0.812979 0.247782 -3e-06 0 1
-1.36185 -0.344172 -1.1 0.82253 0.393349 0 0 1
-2.31668 0.4 -1.1 0.943612 0.616386 -1 0 -0
-2.31668 0.344172 -1.20765 0.933692 0.625036 -1 0 -0
-2.31668 0.344172 -1.1 0.933692 0.616386 -1 0 -0
-2.31668 0.4 -1.20765 0.943612 0.625036 -1 0 -0
-2.31668 0.344172 -1.20765 0.933692 0.625036 -1 0 -0
-2.31668 0.4 -1.1 0.943612 0.616386 -1 0 -0
-1.36185 -0.4 -1.1 0.907438 0.527341 0 0 1
-1.31668 -0.344172 -1.1 0.893675 0.538475 -0 0 1
-1.36185 -0.344172 -1.1 0.893675 0.527341 0 0 1
-1.31668 -0.4 -1.1 0.907438 0.538475 0 0 1
-1.31668 -0.344172 -1.1 0.893675 0.538475 -0 0 1
-1.36185 -0.4 -1.1 0.907438 0.527341 0 0 1
-1.36185 -0.4 -1.20765 0.893924 0.266319 0 -1 -0
-1.31668 -0.4 -1.1 0.881925 0.277453 0 -1 -0
-1.36185 -0.4 -1.1 0.881925 0.266319 0 -1 -0
-1.31668 -0.4 -1.20765 0.893924 0.277453 0 -1 -0
-1.31668 -0.4 -1.1 0.881925 0.277453 0 -1 -0
-1.36185 -0.4 -1.20765 0.893924 0.266319 0 -1 -0
-2.31668 0.344172 -1.1 0.933692 0.616386 -1 0 -0
-2.31668 -0.344172 -1.20765 0.811374 0.625036 -1 0 -0
-2.31668 -0.344172 -1.1 0.811374 0.616386 -1 0 -0
-2.31668 0.344172 -1.20765 0.933692 0.625036 -1 0 -0
-2.31668 -0.344172 -1.20765 0.811374 0.625036 -1 0 -0
-2.31668 0.344172 -1.1 0.933692 0.616386 -1 0 -0
-2.31668 -0.344172 -1.1 0.811374 0.616386 -1 0 -0
-2.31668 -0.4 -1.20765 0.801453 0.625036 -1 0 -0
-2.31668 -0.4 -1.1 0.801453 0.616386 -1 0 -0
-2.31668 -0.344172 -1.20765 0.811374 0.625036 -1 0 -0
-2.31668 -0.4 -1.20765 0.801453 0.625036 -1 0 -0
-2.31668 -0.344172 -1.1 0.811374 0.616386 -1 0 -0
-2.31668 0.344172 -2.9 0.843431 0.539503 0 0 -1
-2.26876 -0.344172 -2.9 0.833297 0.393949 0 0 -1
-2.31668 -0.344172 -2.9 0.843431 0.393949 0 0 -1
-2.26876 0.344172 -2.9 0.833297 0.539503 0 0 -1
-2.26876 -0.344172 -2.9 0.833297 0.393949 0 0 -1
-2.31668 0.344172 -2.9 0.843431 0.539503 0 0 -1
-2.31668 -0.344172 -2.9 0.939472 0.290857 0 0 -1
-2.26876 -0.4 -2.9 0.925709 0.30267 0 0 -1
-2.31668 -0.4 -2.9 0.925709 0.290857 0 0 -1
-2.26876 -0.344172 -2.9 0.939472 0.30267 0 0 -1
-2.26876 -0.4 -2.9 0.925709 0.30267 0 0 -1
-2.31668 -0.344172 -2.9 0.939472 0.290857 0 0 -1
-2.31668 -0.4 -2.9 0.893068 0.24144 0 -1 -0
-2.26876 -0.4 -2.79981 0.881068 0.253254 0 -1 -0
-2.31668 -0.4 -2.79981 0.881068 0.24144 0 -1 -0
-2.26876 -0.4 -2.9 0.893068 0.253254 0 -1 -0
-2.26876 -0.4 -2.79981 0.881068 0.253254 0 -1 -0
-2.31668 -0.4 -2.9 0.893068 0.24144 0 -1 -0
-2.31668 -0.4 -2.79981 0.789497 0.127665 0 -1 -0
-2.26876 -0.4 -1.20765 0.798881 0.547392 0 -1 -0
-2.31668 -0.4 -1.20765 0.789497 0.547392 0 -1 -0
-2.26876 -0.4 -2.79981 0.798881 0.127665 0 -1 -0
-2.26876 -0.4 -1.20765 0.798881 0.547392 0 -1 -0
-2.31668 -0.4 -2.79981 0.789497 0.127665 0 -1 -0
-2.31668 -0.4 -1.20765 0.876416 0.264361 0 -1 -0
-2.26876 -0.4 -1.1 0.864416 0.276174 0 -1 -0
-2.31668 -0.4 -1.1 0.864416 0.264361 0 -1 -0
-2.26876 -0.4 -1.20765 0.876416 0.276174 0 -1 -0
-2.26876 -0.4 -1.1 0.864416 0.276174 0 -1 -0
-2.31668 -0.4 -1.20765 0.876416 0.264361 0 -1 -0
-2.31668 -0.4 -1.1 0.907438 0.29196 0 0 1
-2.26876 -0.344172 -1.1 0.893675 0.303774 0 0 1
-2.31668 -0.344172 -1.1 0.893675 0.29196 0 0 1
-2.26876 -0.4 -1.1 0.907438 0.303774 0 0 1
-2.26876 -0.344172 -1.1 0.893675 0.303774 0 0 1
-2.31668 -0.4 -1.1 0.907438 0.29196 0 0 1
-2.31668 -0.344172 -1.1 0.843431 0.390629 0 0 1
-2.26876 0.344172 -1.1 0.833297 0.245075 0 0 1
-2.31668 0.344172 -1.1 0.843431 0.245075 0 0 1
-2.26876 -0.344172 -1.1 0.833297 0.390629 0 0 1
-2.26876 0.344172 -1.1 0.833297 0.245075 0 0 1
-2.31668 -0.344172 -1.1 0.843431 0.390629 0 0 1
-2.31668 0.344172 -1.1 0.874038 0.290857 0 0 1
-2.26876 0.4 -1.1 0.860276 0.30267 0 0 1
-2.31668 0.4 -1.1 0.860276 0.290857 0 0 1
-2.26876 0.344172 -1.1 0.874038 0.30267 0 0 1
-2.26876 0.4 -1.1 0.860276 0.30267 0 0 1
-2.31668 0.344172 -1.1 0.874038 0.290857 0 0 1
-2.26876 0.344172 -2.9 0.344874 0.315759 0 0 -1
-1.36185 -0.344172 -2.9 0.175187 0.539327 0 0 -1
-2.26876 -0.344172 -2.9 0.175187 0.315759 0 0 -1
-1.36185 0.344172 -2.9 0.344874 0.539327 0 0 -1
-1.36185 -0.344172 -2.9 0.175187 0.539327 0 0 -1
-2.26876 0.344172 -2.9 0.344874 0.315759 0 0 -1
-2.26876 -0.344172 -2.9 0.939472 0.30267 0 0 -1
-1.36185 -0.4 -2.9 0.92571 0.526238 0 0 -1
-2.26876 -0.4 -2.9 0.925709 0.30267 0 0 -1
-1.36185 -0.344172 -2.9 0.939472 0.526238 0 0 -1
-1.36185 -0.4 -2.9 0.92571 0.526238 0 0 -1
-2.26876 -0.344172 -2.9 0.939472 0.30267 0 0 -1
-2.26876 -0.4 -2.9 0.740423 0.508587 0 -1 -0
-1.36185 -0.4 -2.79981 0.728423 0.732154 0 -1 -0
-2.26876 -0.4 -2.79981 0.728423 0.508587 0 -1 -0
-1.36185 -0.4 -2.9 0.740423 0.732154 0 -1 -0
-1.36185 -0.4 -2.79981 0.728423 0.732154 0 -1 -0
-2.26876 -0.4 -2.9 0.740423 0.508587 0 -1 -0
-2.26876 -0.4 -2.79981 0.371491 0.566452 0 -1 -0
-1.36185 -0.4 -1.20765 0.549072 0.986179 0 -1 -0
-2.26876 -0.4 -1.20765 0.371491 0.986179 0 -1 -0
-1.36185 -0.4 -2.79981 0.549072 0.566452 0 -1 -0
-1.36185 -0.4 -1.20765 0.549072 0.986179 0 -1 -0
-2.26876 -0.4 -2.79981 0.371491 0.566452 0 -1 -0
-2.26876 -0.4 -1.20765 0.740423 0.760475 0 -1 -0
-1.36185 -0.4 -1.1 0.728423 0.984042 0 -1 -0
-2.26876 -0.4 -1.1 0.728423 0.760475 0 -1 -0
-1.36185 -0.4 -1.20765 0.740423 0.984042 0 -1 -0
-1.36185 -0.4 -1.1 0.728423 0.984042 0 -1 -0
-2.26876 -0.4 -1.20765 0.740423 0.760475 0 -1 -0
-2.26876 -0.4 -1.1 0.907438 0.303774 0 0 1
-1.36185 -0.344172 -1.1 0.893675 0.527341 0 0 1
-2.26876 -0.344172 -1.1 0.893675 0.303774 0 0 1
-1.36185 -0.4 -1.1 0.907438 0.527341 0 0 1
-1.36185 -0.344172 -1.1 0.893675 0.527341 0 0 1
-2.26876 -0.4 -1.1 0.907438 0.303774 0 0 1
-2.26876 -0.344172 -1.1 0.171316 0.315759 0 0 1
-1.36185 0.344172 -1.1 0.001629 0.539327 -0 0 1
-2.26876 0.344172 -1.1 0.001629 0.315759 0 0 1
-1.36185 -0.344172 -1.1 0.171316 0.539327 0 0 1
-1.36185 0.344172 -1.1 0.001629 0.539327 -0 0 1
-2.26876 -0.344172 -1.1 0.171316 0.315759 0 0 1
-2.26876 0.344172 -1.1 0.874038 0.30267 0 0 1
-1.36185 0.4 -1.1 0.860276 0.526238 -0 0 1
-2.26876 0.4 -1.1 0.860276 0.30267 0 0 1
-1.36185 0.344172 -1.1 0.874038 0.526238 -0 0 1
-1.36185 0.4 -1.1 0.860276 0.526238 -0 0 1
-2.26876 0.344172 -1.1 0.874038 0.30267 0 0 1
-1.69192 0.75427 -1.15315 0.176127 0.159432 0.000654 -6e-06 -1
-1.54657 0.726622 -1.15306 0.216403 0.167093 0.000652 -5e-06 -1
-1.57262 0.681676 -1.15307 0.209184 0.179548 0.000652 -4e-06 -1
-1.67853 0.806922 -1.15314 0.179836 0.144842 0.000655 -5e-06 -1
-1.54657 0.726622 -1.15306 0.216403 0.167093 0.000652 -5e-06 -1
-1.69192 0.75427 -1.15315 0.176127 0.159432 0.000654 -6e-06 -1
-1.82415 0.833522 -1.15324 0.16506 0.983642 0.010688 -0.999943 4e-06
-1.67847 0.806922 -1.25198 0.20541 0.954659 -0.359383 -0.93319 -0.000236
-1.67853 0.806922 -1.15314 0.20541 0.983642 -0.359381 -0.933191 -0.000233
-1.82409 0.833522 -1.25208 0.16506 0.954659 0.010687 -0.999943 7e-06
-1.67847 0.806922 -1.25198 0.20541 0.954659 -0.359383 -0.93319 -0.000236
-1.82415 0.833522 -1.15324 0.16506 0.983642 0.010688 -0.999943 4e-06
-1.57262 0.681676 -1.15307 0.209184 0.179548 0.000652 -4e-06 -1
-1.44118 0.600482 -1.15299 0.245607 0.202047 0.000655 0 -1
-1.47734 0.567642 -1.15301 0.235586 0.211146 0.000654 -0 -1
-1.54657 0.726622 -1.15306 0.216403 0.167093 0.000652 -5e-06 -1
-1.44118 0.600482 -1.15299 0.245607 0.202047 0.000655 0 -1
-1.57262 0.681676 -1.15307 0.209184 0.179548 0.000652 -4e-06 -1
-1.66813 0.872148 -1.20515 0.961308 0.131685 0.298835 0.954305 0.000196
-1.82307 0.894981 -1.10009 0.992144 0.08877 -0.010688 0.999943 -6e-06
-1.66819 0.872147 -1.09998 0.992144 0.131685 0.298836 0.954304 0.000199
-1.823 0.894981 -1.20525 0.961308 0.08877 -0.010689 0.999943 -7e-06
-1.82307 0.894981 -1.10009 0.992144 0.08877 -0.010688 0.999943 -6e-06
-1.66813 0.872148 -1.20515 0.961308 0.131685 0.298835 0.954305 0.000196
-1.31732 0.4 -1.20492 0.94538 0.177805 0.98596 0.166978 0.000647
-1.34353 0.554347 -1.09977 0.914543 0.220574 0.9477 0.319161 0.000623
-1.31739 0.4 -1.09975 0.914543 0.177805 0.985961 0.166977 0.000647
-1.34346 0.554348 -1.20493 0.945379 0.220574 0.9477 0.319162 0.000622
-1.34353 0.554347 -1.09977 0.914543 0.220574 0.9477 0.319161 0.000623
-1.31732 0.4 -1.20492 0.94538 0.177805 0.98596 0.166978 0.000647
-1.52796 0.80257 -1.09989 0.884624 0.050591 -0.000654 0 1
-1.68254 0.826318 -1.09999 0.88959 0.083046 -0.000658 1.4e-05 1
-1.55577 0.76342 -1.09991 0.876402 0.056424 -0.000655 -1e-06 1
-1.66819 0.872147 -1.09998 0.899211 0.080036 -0.000657 1.3e-05 1
-1.68254 0.826318 -1.09999 0.88959 0.083046 -0.000658 1.4e-05 1
-1.52796 0.80257 -1.09989 0.884624 0.050591 -0.000654 0 1
-1.34353 0.554347 -1.09977 0.830331 0.011493 -0.000655 -1e-06 1
-1.45464 0.664423 -1.09984 0.855632 0.035181 -0.000655 -2e-06 1
-1.38904 0.539021 -1.0998 0.827108 0.021045 -0.000654 0 1
-1.41609 0.693065 -1.09982 0.86165 0.027093 -0.000655 -2e-06 1
-1.45464 0.664423 -1.09984 0.855632 0.035181 -0.000655 -2e-06 1
-1.34353 0.554347 -1.09977 0.830331 0.011493 -0.000655 -1e-06 1
-1.44118 0.600482 -1.15299 0.261505 0.983642 -0.854262 -0.519843 -0.000563
-1.37261 0.440849 -1.25178 0.304881 0.954659 -0.937949 -0.346772 -0.000616
-1.37267 0.440849 -1.15294 0.304881 0.983642 -0.937949 -0.346772 -0.000615
-1.44111 0.600482 -1.25183 0.261505 0.954659 -0.854262 -0.519842 -0.000561
-1.37261 0.440849 -1.25178 0.304881 0.954659 -0.937949 -0.346772 -0.000616
-1.44118 0.600482 -1.15299 0.261505 0.983642 -0.854262 -0.519843 -0.000563
-2.26707 0.43129 -1.25237 0.02165 0.954659 0.945147 -0.326645 0.00062
-2.20101 0.592351 -2.74682 0.06628 0.516435 0.865177 -0.501467 0.000568
-2.20199 0.59235 -1.25233 0.06628 0.954659 0.865176 -0.501468 0.000567
-2.26609 0.43129 -2.74686 0.02165 0.516435 0.945145 -0.32665 0.00062
-2.20101 0.592351 -2.74682 0.06628 0.516435 0.865177 -0.501467 0.000568
-2.26707 0.43129 -1.25237 0.02165 0.954659 0.945147 -0.326645 0.00062
-1.41609 0.693065 -1.09982 0.86165 0.027093 -0.000655 -2e-06 1
-1.55577 0.76342 -1.09991 0.876402 0.056424 -0.000655 -1e-06 1
-1.45464 0.664423 -1.09984 0.855632 0.035181 -0.000655 -2e-06 1
-1.52796 0.80257 -1.09989 0.884624 0.050591 -0.000654 0 1
-1.55577 0.76342 -1.09991 0.876402 0.056424 -0.000655 -1e-06 1
-1.41609 0.693065 -1.09982 0.86165 0.027093 -0.000655 -2e-06 1
-1.67853 0.806922 -1.15314 0.20541 0.983642 -0.359381 -0.933191 -0.000233
-1.54651 0.726623 -1.2519 0.227229 0.954659 -0.656256 -0.754539 -0.00043
-1.54657 0.726622 -1.15306 0.227229 0.983642 -0.656258 -0.754537 -0.000434
-1.67847 0.806922 -1.25198 0.20541 0.954659 -0.359383 -0.93319 -0.000236
-1.54651 0.726623 -1.2519 0.227229 0.954659 -0.656256 -0.754539 -0.00043
-1.67853 0.806922 -1.15314 0.20541 0.983642 -0.359381 -0.933191 -0.000233
-1.54657 0.726622 -1.15306 0.227229 0.983642 -0.656258 -0.754537 -0.000434
-1.44111 0.600482 -1.25183 0.261505 0.954659 -0.854262 -0.519842 -0.000561
-1.44118 0.600482 -1.15299 0.261505 0.983642 -0.854262 -0.519843 -0.000563
-1.54651 0.726623 -1.2519 0.227229 0.954659 -0.656256 -0.754539 -0.00043
-1.44111 0.600482 -1.25183 0.261505 0.954659 -0.854262 -0.519842 -0.000561
-1.54657 0.726622 -1.15306 0.227229 0.983642 -0.656258 -0.754537 -0.000434
-1.52789 0.80257 -1.20505 0.961308 0.170544 0.579111 0.815249 0.00038
-1.66819 0.872147 -1.09998 0.992144 0.131685 0.298836 0.954304 0.000199
-1.52796 0.80257 -1.09989 0.992145 0.170544 0.579109 0.81525 0.000378
-1.66813 0.872148 -1.20515 0.961308 0.131685 0.298835 0.954305 0.000196
-1.66819 0.872147 -1.09998 0.992144 0.131685 0.298836 0.954304 0.000199
-1.52789 0.80257 -1.20505 0.961308 0.170544 0.579111 0.815249 0.00038
-1.34346 0.554348 -1.20493 0.945379 0.220574 0.9477 0.319162 0.000622
-1.41609 0.693065 -1.09982 0.914543 0.259013 0.80269 0.596396 0.000526
-1.34353 0.554347 -1.09977 0.914543 0.220574 0.9477 0.319161 0.000623
-1.41602 0.693064 -1.20498 0.945379 0.259012 0.80269 0.596397 0.000527
-1.41609 0.693065 -1.09982 0.914543 0.259013 0.80269 0.596396 0.000526
-1.34346 0.554348 -1.20493 0.945379 0.220574 0.9477 0.319162 0.000622
-2.22452 0.684412 -2.7956 0.646959 0.500915 -0.815252 0.579107 -0.000535
-2.29514 0.544178 -1.20556 0.685818 0.967171 -0.954304 0.298836 -0.000626
-2.22557 0.684413 -1.20551 0.646959 0.967171 -0.815252 0.579106 -0.000535
-2.2941 0.544178 -2.79564 0.685818 0.500915 -0.954305 0.298834 -0.000626
-2.29514 0.544178 -1.20556 0.685818 0.967171 -0.954304 0.298836 -0.000626
-2.22452 0.684412 -2.7956 0.646959 0.500915 -0.815252 0.579107 -0.000535
-1.41602 0.693064 -1.20498 0.945379 0.259012 0.80269 0.596397 0.000527
-1.52796 0.80257 -1.09989 0.914543 0.289356 0.579109 0.81525 0.000378
-1.41609 0.693065 -1.09982 0.914543 0.259013 0.80269 0.596396 0.000526
-1.52789 0.80257 -1.20505 0.94538 0.289356 0.579111 0.815249 0.00038
-1.52796 0.80257 -1.09989 0.914543 0.289356 0.579109 0.81525 0.000378
-1.41602 0.693064 -1.20498 0.945379 0.259012 0.80269 0.596397 0.000527
-2.20199 0.59235 -1.25233 0.06628 0.954659 0.865176 -0.501468 0.000567
-2.09834 0.720715 -2.74675 0.101849 0.516435 0.67223 -0.740342 0.000441
-2.09932 0.720714 -1.25226 0.101849 0.954659 0.672231 -0.740341 0.000441
-2.20101 0.592351 -2.74682 0.06628 0.516435 0.865177 -0.501467 0.000568
-2.09834 0.720715 -2.74675 0.101849 0.516435 0.67223 -0.740342 0.000441
-2.20199 0.59235 -1.25233 0.06628 0.954659 0.865176 -0.501468 0.000567
-2.11502 0.796284 -2.79553 0.615959 0.500915 -0.596399 0.802688 -0.000391
-2.22557 0.684413 -1.20551 0.646959 0.967171 -0.815252 0.579106 -0.000535
-2.11606 0.796284 -1.20544 0.615959 0.967171 -0.596397 0.802689 -0.000392
-2.22452 0.684412 -2.7956 0.646959 0.500915 -0.815252 0.579107 -0.000535
-2.22557 0.684413 -1.20551 0.646959 0.967171 -0.815252 0.579106 -0.000535
-2.11502 0.796284 -2.79553 0.615959 0.500915 -0.596399 0.802688 -0.000391
-2.09932 0.720714 -1.25226 0.101849 0.954659 0.672231 -0.740341 0.000441
-1.96812 0.803816 -2.74667 0.124876 0.516435 0.379243 -0.925297 0.000249
-1.9691 0.803816 -1.25217 0.124877 0.954659 0.379247 -0.925295 0.000249
-2.09834 0.720715 -2.74675 0.101849 0.516435 0.67223 -0.740342 0.000441
-1.96812 0.803816 -2.74667 0.124876 0.516435 0.379243 -0.925297 0.000249
-2.09932 0.720714 -1.25226 0.101849 0.954659 0.672231 -0.740341 0.000441
-1.9763 0.868843 -2.79544 0.577521 0.500915 -0.319161 0.9477 -0.00021
-2.11606 0.796284 -1.20544 0.615959 0.967171 -0.596397 0.802689 -0.000392
-1.97735 0.868843 -1.20535 0.577521 0.967171 -0.319162 0.9477 -0.000209
-2.11502 0.796284 -2.79553 0.615959 0.500915 -0.596399 0.802688 -0.000391
-2.11606 0.796284 -1.20544 0.615959 0.967171 -0.596397 0.802689 -0.000392
-1.9763 0.868843 -2.79544 0.577521 0.500915 -0.319161 0.9477 -0.00021
-1.9691 0.803816 -1.25217 0.124877 0.954659 0.379247 -0.925295 0.000249
-1.8231 0.833522 -2.74657 0.16506 0.516435 0.010688 -0.999943 7e-06
-1.82409 0.833522 -1.25208 0.16506 0.954659 0.010687 -0.999943 7e-06
-1.96812 0.803816 -2.74667 0.124876 0.516435 0.379243 -0.925297 0.000249
-1.8231 0.833522 -2.74657 0.16506 0.516435 0.010688 -0.999943 7e-06
-1.9691 0.803816 -1.25217 0.124877 0.954659 0.379247 -0.925295 0.000249
-1.82195 0.894981 -2.79534 0.534751 0.500915 -0.010687 0.999943 -7e-06
-1.97735 0.868843 -1.20535 0.577521 0.967171 -0.319162 0.9477 -0.000209
-1.823 0.894981 -1.20525 0.534751 0.967171 -0.010689 0.999943 -7e-06
-1.9763 0.868843 -2.79544 0.577521 0.500915 -0.319161 0.9477 -0.00021
-1.97735 0.868843 -1.20535 0.577521 0.967171 -0.319162 0.9477 -0.000209
-1.82195 0.894981 -2.79534 0.534751 0.500915 -0.010687 0.999943 -7e-06
-2.26603 0.43129 -2.8457 0.02165 0.487452 0.945146 -0.326647 0.000619
-2.27101 0.389797 -2.74686 0.010152 0.516435 0.993036 -0.11781 0.000651
-2.27095 0.389797 -2.8457 0.010152 0.487452 0.993036 -0.117809 0.000651
-2.26609 0.43129 -2.74686 0.02165 0.516435 0.945145 -0.32665 0.00062
-2.27101 0.389797 -2.74686 0.010152 0.516435 0.993036 -0.11781 0.000651
-2.26603 0.43129 -2.8457 0.02165 0.487452 0.945146 -0.326647 0.000619
-1.37261 0.440849 -1.25178 0.304881 0.954659 -0.937949 -0.346772 -0.000616
-1.36582 0.399471 -2.74627 0.316125 0.516435 -0.990292 -0.139001 -0.00065
-1.3668 0.399472 -1.25178 0.316124 0.954659 -0.990291 -0.139008 -0.00065
-1.37162 0.440849 -2.74627 0.304881 0.516435 -0.93795 -0.346771 -0.000615
-1.36582 0.399471 -2.74627 0.316125 0.516435 -0.990292 -0.139001 -0.00065
-1.37261 0.440849 -1.25178 0.304881 0.954659 -0.937949 -0.346772 -0.000616
-2.29403 0.544177 -2.90081 0.914543 0.337907 -0.954305 0.298832 -0.000626
-2.31694 0.389306 -2.79566 0.94538 0.294993 -0.989303 0.145871 -0.000649
-2.2941 0.544178 -2.79564 0.94538 0.337908 -0.954305 0.298834 -0.000626
-2.31687 0.389306 -2.90083 0.914543 0.294993 -0.989303 0.145871 -0.000648
-2.31694 0.389306 -2.79566 0.94538 0.294993 -0.989303 0.145871 -0.000649
-2.29403 0.544177 -2.90081 0.914543 0.337907 -0.954305 0.298832 -0.000626
-1.36423 0.399487 -2.9002 0.984233 0.468574 0.010687 -0.999943 7e-06
-1.31739 0.4 -1.09975 0.997539 0.996504 0.010689 -0.999943 7e-06
-1.36541 0.399487 -1.09978 0.984233 0.996504 0.010689 -0.999943 7e-06
-1.31621 0.4 -2.90017 0.997539 0.468574 0.010686 -0.999943 7e-06
-1.31739 0.4 -1.09975 0.997539 0.996504 0.010689 -0.999943 7e-06
-1.36423 0.399487 -2.9002 0.984233 0.468574 0.010687 -0.999943 7e-06
-1.82409 0.833522 -1.25208 0.16506 0.954659 0.010687 -0.999943 7e-06
-1.67749 0.806922 -2.74647 0.20541 0.516435 -0.359384 -0.93319 -0.000236
-1.67847 0.806922 -1.25198 0.20541 0.954659 -0.359383 -0.93319 -0.000236
-1.8231 0.833522 -2.74657 0.16506 0.516435 0.010688 -0.999943 7e-06
-1.67749 0.806922 -2.74647 0.20541 0.516435 -0.359384 -0.93319 -0.000236
-1.82409 0.833522 -1.25208 0.16506 0.954659 0.010687 -0.999943 7e-06
-1.44111 0.600482 -1.25183 0.261505 0.954659 -0.854262 -0.519842 -0.000561
-1.37162 0.440849 -2.74627 0.304881 0.516435 -0.93795 -0.346771 -0.000615
-1.37261 0.440849 -1.25178 0.304881 0.954659 -0.937949 -0.346772 -0.000616
-1.44013 0.600482 -2.74632 0.261505 0.516435 -0.854261 -0.519845 -0.00056
-1.37162 0.440849 -2.74627 0.304881 0.516435 -0.93795 -0.346771 -0.000615
-1.44111 0.600482 -1.25183 0.261505 0.954659 -0.854262 -0.519842 -0.000561
-2.26609 0.43129 -2.74686 0.02165 0.516435 0.945145 -0.32665 0.00062
-2.20094 0.59235 -2.84566 0.06628 0.487452 0.865177 -0.501467 0.000568
-2.20101 0.592351 -2.74682 0.06628 0.516435 0.865177 -0.501467 0.000568
-2.26603 0.43129 -2.8457 0.02165 0.487452 0.945146 -0.326647 0.000619
-2.20094 0.59235 -2.84566 0.06628 0.487452 0.865177 -0.501467 0.000568
-2.26609 0.43129 -2.74686 0.02165 0.516435 0.945145 -0.32665 0.00062
-2.2482 0.529826 -2.90078 0.764422 0.021132 0.00066 -2e-06 -1
-2.31687 0.389306 -2.90083 0.734923 0.00671798 0.000657 1e-06 -1
-2.29403 0.544177 -2.90081 0.767434 0.011512 0.00066 -1e-06 -1
-2.26885 0.389819 -2.90079 0.735031 0.016799 0.000656 2e-06 -1
-2.31687 0.389306 -2.90083 0.734923 0.00671798 0.000657 1e-06 -1
-2.2482 0.529826 -2.90078 0.764422 0.021132 0.00066 -2e-06 -1
-1.66708 0.872148 -2.79524 0.491836 0.500915 0.298833 0.954305 0.000196
-1.823 0.894981 -1.20525 0.534751 0.967171 -0.010689 0.999943 -7e-06
-1.66813 0.872148 -1.20515 0.491836 0.967171 0.298835 0.954305 0.000196
-1.82195 0.894981 -2.79534 0.534751 0.500915 -0.010687 0.999943 -7e-06
-1.823 0.894981 -1.20525 0.534751 0.967171 -0.010689 0.999943 -7e-06
-1.66708 0.872148 -2.79524 0.491836 0.500915 0.298833 0.954305 0.000196
-1.31628 0.4 -2.795 0.341425 0.500915 0.985961 0.166976 0.000647
-1.34346 0.554348 -1.20493 0.384195 0.967171 0.9477 0.319162 0.000622
-1.31732 0.4 -1.20492 0.341425 0.967171 0.98596 0.166978 0.000647
-1.34242 0.554348 -2.79502 0.384195 0.500915 0.9477 0.319162 0.000622
-1.34346 0.554348 -1.20493 0.384195 0.967171 0.9477 0.319162 0.000622
-1.31628 0.4 -2.795 0.341425 0.500915 0.985961 0.166976 0.000647
-1.67847 0.806922 -1.25198 0.20541 0.954659 -0.359383 -0.93319 -0.000236
-1.54553 0.726622 -2.74639 0.227229 0.516435 -0.656257 -0.754537 -0.000431
-1.54651 0.726623 -1.2519 0.227229 0.954659 -0.656256 -0.754539 -0.00043
-1.67749 0.806922 -2.74647 0.20541 0.516435 -0.359384 -0.93319 -0.000236
-1.54553 0.726622 -2.74639 0.227229 0.516435 -0.656257 -0.754537 -0.000431
-1.67847 0.806922 -1.25198 0.20541 0.954659 -0.359383 -0.93319 -0.000236
-1.54651 0.726623 -1.2519 0.227229 0.954659 -0.656256 -0.754539 -0.00043
-1.44013 0.600482 -2.74632 0.261505 0.516435 -0.854261 -0.519845 -0.00056
-1.44111 0.600482 -1.25183 0.261505 0.954659 -0.854262 -0.519842 -0.000561
-1.54553 0.726622 -2.74639 0.227229 0.516435 -0.656257 -0.754537 -0.000431
-1.44013 0.600482 -2.74632 0.261505 0.516435 -0.854261 -0.519845 -0.00056
-1.54651 0.726623 -1.2519 0.227229 0.954659 -0.656256 -0.754539 -0.00043
-2.26603 0.43129 -2.8457 0.521931 0.271072 -0.000654 -1.1e-05 1
-2.16408 0.560291 -2.84563 0.493683 0.235325 -0.000686 2.2e-05 1
-2.20094 0.59235 -2.84566 0.503897 0.226442 -0.000686 2.4e-05 1
-2.22292 0.414689 -2.84567 0.509986 0.275672 -0.000647 -1.4e-05 1
-2.16408 0.560291 -2.84563 0.493683 0.235325 -0.000686 2.2e-05 1
-2.26603 0.43129 -2.8457 0.521931 0.271072 -0.000654 -1.1e-05 1
-1.52685 0.802571 -2.79514 0.452977 0.500915 0.57911 0.81525 0.00038
-1.66813 0.872148 -1.20515 0.491836 0.967171 0.298835 0.954305 0.000196
-1.52789 0.80257 -1.20505 0.452977 0.967171 0.579111 0.815249 0.00038
-1.66708 0.872148 -2.79524 0.491836 0.500915 0.298833 0.954305 0.000196
-1.66813 0.872148 -1.20515 0.491836 0.967171 0.298835 0.954305 0.000196
-1.52685 0.802571 -2.79514 0.452977 0.500915 0.57911 0.81525 0.00038
-1.34242 0.554348 -2.79502 0.384195 0.500915 0.9477 0.319162 0.000622
-1.41602 0.693064 -1.20498 0.422633 0.967171 0.80269 0.596397 0.000527
-1.34346 0.554348 -1.20493 0.384195 0.967171 0.9477 0.319162 0.000622
-1.41498 0.693065 -2.79507 0.422633 0.500915 0.802691 0.596396 0.000527
-1.41602 0.693064 -1.20498 0.422633 0.967171 0.80269 0.596397 0.000527
-1.34242 0.554348 -2.79502 0.384195 0.500915 0.9477 0.319162 0.000622
-2.22446 0.684413 -2.90076 0.914543 0.376767 -0.815253 0.579105 -0.000531
-2.2941 0.544178 -2.79564 0.94538 0.337908 -0.954305 0.298834 -0.000626
-2.22452 0.684412 -2.7956 0.945379 0.376767 -0.815252 0.579107 -0.000535
-2.29403 0.544177 -2.90081 0.914543 0.337907 -0.954305 0.298832 -0.000626
-2.2941 0.544178 -2.79564 0.94538 0.337908 -0.954305 0.298834 -0.000626
-2.22446 0.684413 -2.90076 0.914543 0.376767 -0.815253 0.579105 -0.000531
-1.41498 0.693065 -2.79507 0.422633 0.500915 0.802691 0.596396 0.000527
-1.52789 0.80257 -1.20505 0.452977 0.967171 0.579111 0.815249 0.00038
-1.41602 0.693064 -1.20498 0.422633 0.967171 0.80269 0.596397 0.000527
-1.52685 0.802571 -2.79514 0.452977 0.500915 0.57911 0.81525 0.00038
-1.52789 0.80257 -1.20505 0.452977 0.967171 0.579111 0.815249 0.00038
-1.41498 0.693065 -2.79507 0.422633 0.500915 0.802691 0.596396 0.000527
-2.1853 0.656604 -2.90074 0.791035 0.034336 0.000655 3e-06 -1
-2.29403 0.544177 -2.90081 0.767434 0.011512 0.00066 -1e-06 -1
-2.22446 0.684413 -2.90076 0.796873 0.026117 0.000654 5e-06 -1
-2.2482 0.529826 -2.90078 0.764422 0.021132 0.00066 -2e-06 -1
-2.29403 0.544177 -2.90081 0.767434 0.011512 0.00066 -1e-06 -1
-2.1853 0.656604 -2.90074 0.791035 0.034336 0.000655 3e-06 -1
-2.20101 0.592351 -2.74682 0.06628 0.516435 0.865177 -0.501467 0.000568
-2.09827 0.720715 -2.84559 0.101849 0.487452 0.672231 -0.740342 0.000441
-2.09834 0.720715 -2.74675 0.101849 0.516435 0.67223 -0.740342 0.000441
-2.20094 0.59235 -2.84566 0.06628 0.487452 0.865177 -0.501467 0.000568
-2.09827 0.720715 -2.84559 0.101849 0.487452 0.672231 -0.740342 0.000441
-2.20101 0.592351 -2.74682 0.06628 0.516435 0.865177 -0.501467 0.000568
-2.20094 0.59235 -2.84566 0.503897 0.226442 -0.000686 2.4e-05 1
-2.07127 0.676336 -2.84557 0.467963 0.20317 -0.000663 1e-05 1
-2.09827 0.720715 -2.84559 0.475447 0.190872 -0.00066 4e-06 1
-2.16408 0.560291 -2.84563 0.493683 0.235325 -0.000686 2.2e-05 1
-2.07127 0.676336 -2.84557 0.467963 0.20317 -0.000663 1e-05 1
-2.20094 0.59235 -2.84566 0.503897 0.226442 -0.000686 2.4e-05 1
-2.11495 0.796284 -2.90069 0.914543 0.407766 -0.596399 0.802688 -0.000389
-2.22452 0.684412 -2.7956 0.945379 0.376767 -0.815252 0.579107 -0.000535
-2.11502 0.796284 -2.79553 0.945379 0.407766 -0.596399 0.802688 -0.000391
-2.22446 0.684413 -2.90076 0.914543 0.376767 -0.815253 0.579105 -0.000531
-2.22452 0.684412 -2.7956 0.945379 0.376767 -0.815252 0.579107 -0.000535
-2.11495 0.796284 -2.90069 0.914543 0.407766 -0.596399 0.802688 -0.000389
-2.27095 0.389797 -2.8457 0.523295 0.282569 -0.000655 -6e-06 1
-2.22292 0.414689 -2.84567 0.509986 0.275672 -0.000647 -1.4e-05 1
-2.26603 0.43129 -2.8457 0.521931 0.271072 -0.000654 -1.1e-05 1
-2.26888 0.389819 -2.8457 0.522723 0.282563 -0.00075 0.000208 1
-2.22292 0.414689 -2.84567 0.509986 0.275672 -0.000647 -1.4e-05 1
-2.27095 0.389797 -2.8457 0.523295 0.282569 -0.000655 -6e-06 1
-2.26888 0.389819 -2.8457 0.522723 0.282563 -0.00075 0.000208 1
-2.22582 0.390279 -2.84567 0.510789 0.282436 -0.000656 3.7e-05 1
-2.22292 0.414689 -2.84567 0.509986 0.275672 -0.000647 -1.4e-05 1
-2.08631 0.757738 -2.90067 0.812266 0.055117 0.000651 2.3e-05 -1
-2.22446 0.684413 -2.90076 0.796873 0.026117 0.000654 5e-06 -1
-2.11495 0.796284 -2.90069 0.820358 0.049105 0.000651 1.7e-05 -1
-2.1853 0.656604 -2.90074 0.791035 0.034336 0.000655 3e-06 -1
-2.22446 0.684413 -2.90076 0.796873 0.026117 0.000654 5e-06 -1
-2.08631 0.757738 -2.90067 0.812266 0.055117 0.000651 2.3e-05 -1
-2.09834 0.720715 -2.74675 0.101849 0.516435 0.67223 -0.740342 0.000441
-1.96805 0.803816 -2.8455 0.124876 0.487452 0.379244 -0.925297 0.000249
-1.96812 0.803816 -2.74667 0.124876 0.516435 0.379243 -0.925297 0.000249
-2.09827 0.720715 -2.84559 0.101849 0.487452 0.672231 -0.740342 0.000441
-1.96805 0.803816 -2.8455 0.124876 0.487452 0.379244 -0.925297 0.000249
-2.09834 0.720715 -2.74675 0.101849 0.516435 0.67223 -0.740342 0.000441
-2.09827 0.720715 -2.84559 0.475447 0.190872 -0.00066 4e-06 1
-1.95355 0.751462 -2.8455 0.435343 0.182352 -0.000654 -1.4e-05 1
-1.96805 0.803816 -2.8455 0.439363 0.167845 -0.000654 -1.4e-05 1
-2.07127 0.676336 -2.84557 0.467963 0.20317 -0.000663 1e-05 1
-1.95355 0.751462 -2.8455 0.435343 0.182352 -0.000654 -1.4e-05 1
-2.09827 0.720715 -2.84559 0.475447 0.190872 -0.00066 4e-06 1
-1.97623 0.868843 -2.9006 0.914543 0.047386 -0.319161 0.947701 -0.000214
-2.11502 0.796284 -2.79553 0.945379 0.00894701 -0.596399 0.802688 -0.000391
-1.9763 0.868843 -2.79544 0.945379 0.047386 -0.319161 0.9477 -0.00021
-2.11495 0.796284 -2.90069 0.914543 0.00894701 -0.596399 0.802688 -0.000389
-2.11502 0.796284 -2.79553 0.945379 0.00894701 -0.596399 0.802688 -0.000391
-1.97623 0.868843 -2.9006 0.914543 0.047386 -0.319161 0.947701 -0.000214
-1.96091 0.823331 -2.90059 0.826035 0.081442 0.000658 -2.9e-05 -1
-2.11495 0.796284 -2.90069 0.820358 0.049105 0.000651 1.7e-05 -1
-1.97623 0.868843 -2.9006 0.835589 0.078225 0.000659 -3e-05 -1
-2.08631 0.757738 -2.90067 0.812266 0.055117 0.000651 2.3e-05 -1
-2.11495 0.796284 -2.90069 0.820358 0.049105 0.000651 1.7e-05 -1
-1.96091 0.823331 -2.90059 0.826035 0.081442 0.000658 -2.9e-05 -1
-1.96812 0.803816 -2.74667 0.124876 0.516435 0.379243 -0.925297 0.000249
-1.82304 0.833522 -2.84541 0.16506 0.487452 0.010686 -0.999943 3e-06
-1.8231 0.833522 -2.74657 0.16506 0.516435 0.010688 -0.999943 7e-06
-1.96805 0.803816 -2.8455 0.124876 0.487452 0.379244 -0.925297 0.000249
-1.82304 0.833522 -2.84541 0.16506 0.487452 0.010686 -0.999943 3e-06
-1.96812 0.803816 -2.74667 0.124876 0.516435 0.379243 -0.925297 0.000249
-1.96805 0.803816 -2.8455 0.439363 0.167845 -0.000654 -1.4e-05 1
-1.82245 0.778315 -2.84541 0.399016 0.174911 -0.000653 2e-06 1
-1.82304 0.833522 -2.84541 0.39918 0.159613 -0.000652 0 1
-1.95355 0.751462 -2.8455 0.435343 0.182352 -0.000654 -1.4e-05 1
-1.82245 0.778315 -2.84541 0.399016 0.174911 -0.000653 2e-06 1
-1.96805 0.803816 -2.8455 0.439363 0.167845 -0.000654 -1.4e-05 1
-2.22582 0.390279 -2.84567 0.745498 0.484728 0.010686 -0.999943 7e-06
-1.81654 0.394653 -2.9005 0.858898 0.468574 0.010686 -0.999943 7e-06
-1.81657 0.394653 -2.84541 0.858898 0.484729 0.010686 -0.999943 7e-06
-2.26885 0.389819 -2.90079 0.733564 0.468574 0.010686 -0.999943 7e-06
-2.22582 0.390279 -2.84567 0.745498 0.484728 0.010686 -0.999943 7e-06
-2.26888 0.389819 -2.8457 0.733564 0.484728 0.010686 -0.999943 7e-06
-2.22582 0.390279 -2.84567 0.745498 0.484728 0.010686 -0.999943 7e-06
-2.26885 0.389819 -2.90079 0.733564 0.468574 0.010686 -0.999943 7e-06
-1.81654 0.394653 -2.9005 0.858898 0.468574 0.010686 -0.999943 7e-06
-1.82188 0.894981 -2.9005 0.914543 0.090155 -0.010689 0.999943 -1.2e-05
-1.9763 0.868843 -2.79544 0.945379 0.047386 -0.319161 0.9477 -0.00021
-1.82195 0.894981 -2.79534 0.945379 0.090155 -0.010687 0.999943 -7e-06
-1.97623 0.868843 -2.9006 0.914543 0.047386 -0.319161 0.947701 -0.000214
-1.9763 0.868843 -2.79544 0.945379 0.047386 -0.319161 0.9477 -0.00021
-1.82188 0.894981 -2.9005 0.914543 0.090155 -0.010689 0.999943 -1.2e-05
-1.37162 0.440849 -2.74627 0.304881 0.516435 -0.93795 -0.346771 -0.000615
-1.36575 0.399471 -2.84511 0.316125 0.487452 -0.990292 -0.139002 -0.00065
-1.36582 0.399471 -2.74627 0.316125 0.516435 -0.990292 -0.139001 -0.00065
-1.37156 0.440849 -2.84511 0.304881 0.487453 -0.93795 -0.34677 -0.000616
-1.36575 0.399471 -2.84511 0.316125 0.487452 -0.990292 -0.139002 -0.00065
-1.37162 0.440849 -2.74627 0.304881 0.516435 -0.93795 -0.346771 -0.000615
-1.8231 0.833522 -2.74657 0.16506 0.516435 0.010688 -0.999943 7e-06
-1.67743 0.806922 -2.84531 0.20541 0.487452 -0.359384 -0.93319 -0.000237
-1.67749 0.806922 -2.74647 0.20541 0.516435 -0.359384 -0.93319 -0.000236
-1.82304 0.833522 -2.84541 0.16506 0.487452 0.010686 -0.999943 3e-06
-1.67743 0.806922 -2.84531 0.20541 0.487452 -0.359384 -0.93319 -0.000237
-1.8231 0.833522 -2.74657 0.16506 0.516435 0.010688 -0.999943 7e-06
-1.82137 0.846962 -2.9005 0.830996 0.110734 0.000655 -3e-06 -1
-1.97623 0.868843 -2.9006 0.835589 0.078225 0.000659 -3e-05 -1
-1.82188 0.894981 -2.9005 0.841076 0.110627 0.000656 1e-06 -1
-1.96091 0.823331 -2.90059 0.826035 0.081442 0.000658 -2.9e-05 -1
-1.97623 0.868843 -2.9006 0.835589 0.078225 0.000659 -3e-05 -1
-1.82137 0.846962 -2.9005 0.830996 0.110734 0.000655 -3e-06 -1
-1.36575 0.399471 -2.84511 0.272466 0.279889 -0.000674 -4.3e-05 1
-1.4143 0.423331 -2.84514 0.285919 0.273277 -0.000685 -2.2e-05 1
-1.41088 0.398988 -2.84514 0.284972 0.280022 -0.000657 -9e-06 1
-1.37156 0.440849 -2.84511 0.274075 0.268423 -0.00068 -1.9e-05 1
-1.4143 0.423331 -2.84514 0.285919 0.273277 -0.000685 -2.2e-05 1
-1.36575 0.399471 -2.84511 0.272466 0.279889 -0.000674 -4.3e-05 1
-1.67743 0.806922 -2.84531 0.35883 0.166984 -0.000647 3.1e-05 1
-1.82245 0.778315 -2.84541 0.399016 0.174911 -0.000653 2e-06 1
-1.69081 0.75427 -2.84532 0.362539 0.181574 -0.000648 3.2e-05 1
-1.82304 0.833522 -2.84541 0.39918 0.159613 -0.000652 0 1
-1.82245 0.778315 -2.84541 0.399016 0.174911 -0.000653 2e-06 1
-1.67743 0.806922 -2.84531 0.35883 0.166984 -0.000647 3.1e-05 1
-1.44013 0.600482 -2.74632 0.261505 0.516435 -0.854261 -0.519845 -0.00056
-1.37156 0.440849 -2.84511 0.304881 0.487453 -0.93795 -0.34677 -0.000616
-1.37162 0.440849 -2.74627 0.304881 0.516435 -0.93795 -0.346771 -0.000615
-1.44007 0.600482 -2.84516 0.261505 0.487452 -0.854261 -0.519845 -0.000561
-1.37156 0.440849 -2.84511 0.304881 0.487453 -0.93795 -0.34677 -0.000616
-1.44013 0.600482 -2.74632 0.261505 0.516435 -0.854261 -0.519845 -0.00056
-1.37156 0.440849 -2.84511 0.274075 0.268423 -0.00068 -1.9e-05 1
-1.47623 0.567643 -2.84518 0.30308 0.233288 -0.000649 1.4e-05 1
-1.4143 0.423331 -2.84514 0.285919 0.273277 -0.000685 -2.2e-05 1
-1.44007 0.600482 -2.84516 0.293059 0.224189 -0.000647 1.4e-05 1
-1.47623 0.567643 -2.84518 0.30308 0.233288 -0.000649 1.4e-05 1
-1.37156 0.440849 -2.84511 0.274075 0.268423 -0.00068 -1.9e-05 1
-1.67749 0.806922 -2.74647 0.20541 0.516435 -0.359384 -0.93319 -0.000236
-1.54546 0.726623 -2.84523 0.227229 0.487452 -0.656257 -0.754537 -0.000433
-1.54553 0.726622 -2.74639 0.227229 0.516435 -0.656257 -0.754537 -0.000431
-1.67743 0.806922 -2.84531 0.20541 0.487452 -0.359384 -0.93319 -0.000237
-1.54546 0.726623 -2.84523 0.227229 0.487452 -0.656257 -0.754537 -0.000433
-1.67749 0.806922 -2.74647 0.20541 0.516435 -0.359384 -0.93319 -0.000236
-1.54553 0.726622 -2.74639 0.227229 0.516435 -0.656257 -0.754537 -0.000431
-1.44007 0.600482 -2.84516 0.261505 0.487452 -0.854261 -0.519845 -0.000561
-1.44013 0.600482 -2.74632 0.261505 0.516435 -0.854261 -0.519845 -0.00056
-1.54546 0.726623 -2.84523 0.227229 0.487452 -0.656257 -0.754537 -0.000433
-1.44007 0.600482 -2.84516 0.261505 0.487452 -0.854261 -0.519845 -0.000561
-1.54553 0.726622 -2.74639 0.227229 0.516435 -0.656257 -0.754537 -0.000431
-1.54546 0.726623 -2.84523 0.322263 0.189235 -0.000651 -1e-06 1
-1.69081 0.75427 -2.84532 0.362539 0.181574 -0.000648 3.2e-05 1
-1.57151 0.681676 -2.84524 0.329482 0.20169 -0.000652 -5e-06 1
-1.67743 0.806922 -2.84531 0.35883 0.166984 -0.000647 3.1e-05 1
-1.69081 0.75427 -2.84532 0.362539 0.181574 -0.000648 3.2e-05 1
-1.54546 0.726623 -2.84523 0.322263 0.189235 -0.000651 -1e-06 1
-1.44007 0.600482 -2.84516 0.293059 0.224189 -0.000647 1.4e-05 1
-1.57151 0.681676 -2.84524 0.329482 0.20169 -0.000652 -5e-06 1
-1.47623 0.567643 -2.84518 0.30308 0.233288 -0.000649 1.4e-05 1
-1.54546 0.726623 -2.84523 0.322263 0.189235 -0.000651 -1e-06 1
-1.57151 0.681676 -2.84524 0.329482 0.20169 -0.000652 -5e-06 1
-1.44007 0.600482 -2.84516 0.293059 0.224189 -0.000647 1.4e-05 1
-1.66701 0.872148 -2.9004 0.914543 0.13307 0.298836 0.954305 0.000195
-1.82195 0.894981 -2.79534 0.945379 0.090155 -0.010687 0.999943 -7e-06
-1.66708 0.872148 -2.79524 0.945379 0.13307 0.298833 0.954305 0.000196
-1.82188 0.894981 -2.9005 0.914543 0.090155 -0.010689 0.999943 -1.2e-05
-1.82195 0.894981 -2.79534 0.945379 0.090155 -0.010687 0.999943 -7e-06
-1.66701 0.872148 -2.9004 0.914543 0.13307 0.298836 0.954305 0.000195
-1.31621 0.4 -2.90017 0.992145 0.176419 0.985961 0.166977 0.000647
-1.34242 0.554348 -2.79502 0.961308 0.219189 0.9477 0.319162 0.000622
-1.31628 0.4 -2.795 0.961307 0.176419 0.985961 0.166976 0.000647
-1.34235 0.554348 -2.90019 0.992145 0.219189 0.9477 0.319162 0.00062
-1.34242 0.554348 -2.79502 0.961308 0.219189 0.9477 0.319162 0.000622
-1.31621 0.4 -2.90017 0.992145 0.176419 0.985961 0.166977 0.000647
-1.68136 0.826318 -2.90041 0.826662 0.140125 0.000659 4e-06 -1
-1.82188 0.894981 -2.9005 0.841076 0.110627 0.000656 1e-06 -1
-1.66701 0.872148 -2.9004 0.836283 0.143138 0.000658 3e-06 -1
-1.82137 0.846962 -2.9005 0.830996 0.110734 0.000655 -3e-06 -1
-1.82188 0.894981 -2.9005 0.841076 0.110627 0.000656 1e-06 -1
-1.68136 0.826318 -2.90041 0.826662 0.140125 0.000659 4e-06 -1
-1.36423 0.399487 -2.9002 0.73706 0.206699 0.000654 0 -1
-1.34235 0.554348 -2.90019 0.769569 0.211293 0.000658 4e-06 -1
-1.31621 0.4 -2.90017 0.737168 0.21678 0.000652 1e-06 -1
-1.38786 0.539021 -2.90021 0.766352 0.201738 0.000659 4e-06 -1
-1.34235 0.554348 -2.90019 0.769569 0.211293 0.000658 4e-06 -1
-1.36423 0.399487 -2.9002 0.73706 0.206699 0.000654 0 -1
-1.52678 0.80257 -2.90031 0.914543 0.171929 0.579111 0.815249 0.000374
-1.66708 0.872148 -2.79524 0.945379 0.13307 0.298833 0.954305 0.000196
-1.52685 0.802571 -2.79514 0.94538 0.171929 0.57911 0.81525 0.00038
-1.66701 0.872148 -2.9004 0.914543 0.13307 0.298836 0.954305 0.000195
-1.66708 0.872148 -2.79524 0.945379 0.13307 0.298833 0.954305 0.000196
-1.52678 0.80257 -2.90031 0.914543 0.171929 0.579111 0.815249 0.000374
-1.34235 0.554348 -2.90019 0.992145 0.219189 0.9477 0.319162 0.00062
-1.41498 0.693065 -2.79507 0.961308 0.257627 0.802691 0.596396 0.000527
-1.34242 0.554348 -2.79502 0.961308 0.219189 0.9477 0.319162 0.000622
-1.41491 0.693064 -2.90023 0.992144 0.257627 0.802689 0.596397 0.000523
-1.41498 0.693065 -2.79507 0.961308 0.257627 0.802691 0.596396 0.000527
-1.34235 0.554348 -2.90019 0.992145 0.219189 0.9477 0.319162 0.00062
-1.55459 0.76342 -2.90032 0.813459 0.166739 0.000655 -5e-06 -1
-1.66701 0.872148 -2.9004 0.836283 0.143138 0.000658 3e-06 -1
-1.52678 0.80257 -2.90031 0.821677 0.172577 0.000655 -5e-06 -1
-1.68136 0.826318 -2.90041 0.826662 0.140125 0.000659 4e-06 -1
-1.66701 0.872148 -2.9004 0.836283 0.143138 0.000658 3e-06 -1
-1.55459 0.76342 -2.90032 0.813459 0.166739 0.000655 -5e-06 -1
-1.38786 0.539021 -2.90021 0.766352 0.201738 0.000659 4e-06 -1
-1.41491 0.693064 -2.90023 0.798689 0.196061 0.000658 0 -1
-1.34235 0.554348 -2.90019 0.769569 0.211293 0.000658 4e-06 -1
-1.45345 0.664423 -2.90026 0.792677 0.187969 0.000657 -0 -1
-1.41491 0.693064 -2.90023 0.798689 0.196061 0.000658 0 -1
-1.38786 0.539021 -2.90021 0.766352 0.201738 0.000659 4e-06 -1
-1.41491 0.693064 -2.90023 0.992144 0.257627 0.802689 0.596397 0.000523
-1.52685 0.802571 -2.79514 0.961308 0.287972 0.57911 0.81525 0.00038
-1.41498 0.693065 -2.79507 0.961308 0.257627 0.802691 0.596396 0.000527
-1.52678 0.80257 -2.90031 0.992145 0.287971 0.579111 0.815249 0.000374
-1.52685 0.802571 -2.79514 0.961308 0.287972 0.57911 0.81525 0.00038
-1.41491 0.693064 -2.90023 0.992144 0.257627 0.802689 0.596397 0.000523
-1.45345 0.664423 -2.90026 0.792677 0.187969 0.000657 -0 -1
-1.52678 0.80257 -2.90031 0.821677 0.172577 0.000655 -5e-06 -1
-1.41491 0.693064 -2.90023 0.798689 0.196061 0.000658 0 -1
-1.55459 0.76342 -2.90032 0.813459 0.166739 0.000655 -5e-06 -1
-1.52678 0.80257 -2.90031 0.821677 0.172577 0.000655 -5e-06 -1
-1.45345 0.664423 -2.90026 0.792677 0.187969 0.000657 -0 -1
-1.81768 0.394653 -1.15323 0.858898 0.980918 0.010686 -0.999943 7e-06
-1.36541 0.399487 -1.09978 0.984233 0.996504 0.010686 -0.999943 1e-06
-1.81772 0.394653 -1.10008 0.858898 0.996504 0.010686 -0.999943 7e-06
-1.412 0.398989 -1.15297 0.971315 0.980918 0.010687 -0.999943 0
-1.36541 0.399487 -1.09978 0.984233 0.996504 0.010686 -0.999943 1e-06
-1.81768 0.394653 -1.15323 0.858898 0.980918 0.010686 -0.999943 7e-06
-1.36686 0.399471 -1.15294 0.983821 0.980918 0.010567 -0.999944 5e-06
-1.36541 0.399487 -1.09978 0.984233 0.996504 0.010686 -0.999943 1e-06
-1.412 0.398989 -1.15297 0.971315 0.980918 0.010687 -0.999943 0
-1.36686 0.399471 -1.15294 0.983821 0.980918 0.010567 -0.999944 5e-06
-1.36423 0.399487 -2.9002 0.984233 0.468574 0.010687 -0.999943 2e-06
-1.36541 0.399487 -1.09978 0.984233 0.996504 0.010686 -0.999943 1e-06
-1.3668 0.399472 -1.25178 0.983821 0.951935 -0.000548 -1 -1e-05
-1.36423 0.399487 -2.9002 0.984233 0.468574 0.010687 -0.999943 2e-06
-1.36686 0.399471 -1.15294 0.983821 0.980918 0.010567 -0.999944 5e-06
-1.36582 0.399471 -2.74627 0.983821 0.513711 0.01099 -0.99994 8e-06
-1.36423 0.399487 -2.9002 0.984233 0.468574 0.010687 -0.999943 2e-06
-1.3668 0.399472 -1.25178 0.983821 0.951935 -0.000548 -1 -1e-05
-1.36575 0.399471 -2.84511 0.983821 0.484728 0.010689 -0.999943 2e-06
-1.36423 0.399487 -2.9002 0.984233 0.468574 0.010687 -0.999943 2e-06
-1.36582 0.399471 -2.74627 0.983821 0.513711 0.01099 -0.99994 8e-06
-1.36575 0.399471 -2.84511 0.983821 0.484728 0.010689 -0.999943 2e-06
-1.81654 0.394653 -2.9005 0.858898 0.468574 0.010686 -0.999943 7e-06
-1.36423 0.399487 -2.9002 0.984233 0.468574 0.010687 -0.999943 2e-06
-1.41088 0.398988 -2.84514 0.971315 0.484728 0.010686 -0.999943 5e-06
-1.81654 0.394653 -2.9005 0.858898 0.468574 0.010686 -0.999943 7e-06
-1.36575 0.399471 -2.84511 0.983821 0.484728 0.010689 -0.999943 2e-06
-1.41088 0.398988 -2.84514 0.971315 0.484728 0.010686 -0.999943 5e-06
-1.81657 0.394653 -2.84541 0.858898 0.484729 0.010686 -0.999943 7e-06
-1.81654 0.394653 -2.9005 0.858898 0.468574 0.010686 -0.999943 7e-06
-1.37267 0.440849 -1.15294 0.304881 0.983642 -0.937949 -0.346772 -0.000615
-1.3668 0.399472 -1.25178 0.316124 0.954659 -0.990291 -0.139008 -0.00065
-1.36686 0.399471 -1.15294 0.316125 0.983642 -0.990291 -0.139005 -0.000651
-1.37261 0.440849 -1.25178 0.304881 0.954659 -0.937949 -0.346772 -0.000616
-1.3668 0.399472 -1.25178 0.316124 0.954659 -0.990291 -0.139008 -0.00065
-1.37267 0.440849 -1.15294 0.304881 0.983642 -0.937949 -0.346772 -0.000615
-1.47734 0.567642 -1.15301 0.235586 0.211146 0.000654 -0 -1
-1.37267 0.440849 -1.15294 0.264591 0.246281 0.00064 -1e-05 -1
-1.41541 0.423331 -1.15297 0.252747 0.251135 0.000637 -9e-06 -1
-1.44118 0.600482 -1.15299 0.245607 0.202047 0.000655 0 -1
-1.37267 0.440849 -1.15294 0.264591 0.246281 0.00064 -1e-05 -1
-1.47734 0.567642 -1.15301 0.235586 0.211146 0.000654 -0 -1
-1.31739 0.4 -1.09975 0.795725 0.00563598 -0.000641 7e-06 1
-1.38904 0.539021 -1.0998 0.827108 0.021045 -0.000654 0 1
-1.36541 0.399487 -1.09978 0.795611 0.015716 -0.000638 1e-05 1
-1.34353 0.554347 -1.09977 0.830331 0.011493 -0.000655 -1e-06 1
-1.38904 0.539021 -1.0998 0.827108 0.021045 -0.000654 0 1
-1.31739 0.4 -1.09975 0.795725 0.00563598 -0.000641 7e-06 1
-2.2941 0.544178 -2.79564 0.925886 0.499528 -0.954305 0.298834 -0.000626
-2.31798 0.389306 -1.20557 0.968801 0.965783 -0.989304 0.145871 -0.000649
-2.29514 0.544178 -1.20556 0.925886 0.965783 -0.954304 0.298836 -0.000626
-2.31694 0.389306 -2.79566 0.968801 0.499528 -0.989303 0.145871 -0.000649
-2.31798 0.389306 -1.20557 0.968801 0.965783 -0.989304 0.145871 -0.000649
-2.2941 0.544178 -2.79564 0.925886 0.499528 -0.954305 0.298834 -0.000626
-1.66819 0.872147 -1.09998 0.899211 0.080036 -0.000657 1.3e-05 1
-1.82255 0.846962 -1.10009 0.893924 0.112438 -0.000656 -3e-06 1
-1.68254 0.826318 -1.09999 0.88959 0.083046 -0.000658 1.4e-05 1
-1.82307 0.894981 -1.10009 0.904004 0.112546 -0.000656 -5e-06 1
-1.82255 0.846962 -1.10009 0.893924 0.112438 -0.000656 -3e-06 1
-1.66819 0.872147 -1.09998 0.899211 0.080036 -0.000657 1.3e-05 1
-1.82356 0.778315 -1.15324 0.13965 0.152769 0.000656 -0 -1
-1.67853 0.806922 -1.15314 0.179836 0.144842 0.000655 -5e-06 -1
-1.69192 0.75427 -1.15315 0.176127 0.159432 0.000654 -6e-06 -1
-1.82415 0.833522 -1.15324 0.139486 0.137471 0.000655 -0 -1
-1.67853 0.806922 -1.15314 0.179836 0.144842 0.000655 -5e-06 -1
-1.82356 0.778315 -1.15324 0.13965 0.152769 0.000656 -0 -1
-2.26609 0.43129 -2.74686 0.02165 0.516435 0.945145 -0.32665 0.00062
-2.27199 0.389797 -1.25237 0.010152 0.954659 0.993036 -0.117808 0.000651
-2.27101 0.389797 -2.74686 0.010152 0.516435 0.993036 -0.11781 0.000651
-2.26707 0.43129 -1.25237 0.02165 0.954659 0.945147 -0.326645 0.00062
-2.27199 0.389797 -1.25237 0.010152 0.954659 0.993036 -0.117808 0.000651
-2.26609 0.43129 -2.74686 0.02165 0.516435 0.945145 -0.32665 0.00062
-1.41541 0.423331 -1.15297 0.252747 0.251135 0.000637 -9e-06 -1
-1.36686 0.399471 -1.15294 0.2662 0.257747 0.000637 6e-06 -1
-1.412 0.398989 -1.15297 0.253694 0.25788 0.00065 3.7e-05 -1
-1.37267 0.440849 -1.15294 0.264591 0.246281 0.00064 -1e-05 -1
-1.36686 0.399471 -1.15294 0.2662 0.257747 0.000637 6e-06 -1
-1.41541 0.423331 -1.15297 0.252747 0.251135 0.000637 -9e-06 -1
-1.823 0.894981 -1.20525 0.961308 0.08877 -0.010689 0.999943 -7e-06
-1.97741 0.868843 -1.10019 0.992144 0.046 -0.319161 0.947701 -0.00021
-1.82307 0.894981 -1.10009 0.992144 0.08877 -0.010688 0.999943 -6e-06
-1.97735 0.868843 -1.20535 0.961308 0.046 -0.319162 0.9477 -0.000209
-1.97741 0.868843 -1.10019 0.992144 0.046 -0.319161 0.947701 -0.00021
-1.823 0.894981 -1.20525 0.961308 0.08877 -0.010689 0.999943 -7e-06
-1.96917 0.803815 -1.15333 0.124876 0.983642 0.379246 -0.925296 0.000246
-1.82409 0.833522 -1.25208 0.16506 0.954659 0.010687 -0.999943 7e-06
-1.82415 0.833522 -1.15324 0.16506 0.983642 0.010688 -0.999943 4e-06
-1.9691 0.803816 -1.25217 0.124877 0.954659 0.379247 -0.925295 0.000249
-1.82409 0.833522 -1.25208 0.16506 0.954659 0.010687 -0.999943 7e-06
-1.96917 0.803815 -1.15333 0.124876 0.983642 0.379246 -0.925296 0.000246
-1.82307 0.894981 -1.10009 0.904004 0.112546 -0.000656 -5e-06 1
-1.96209 0.82333 -1.10018 0.888963 0.14173 -0.000652 -3e-06 1
-1.82255 0.846962 -1.10009 0.893924 0.112438 -0.000656 -3e-06 1
-1.97741 0.868843 -1.10019 0.898517 0.144947 -0.000654 -1e-06 1
-1.96209 0.82333 -1.10018 0.888963 0.14173 -0.000652 -3e-06 1
-1.82307 0.894981 -1.10009 0.904004 0.112546 -0.000656 -5e-06 1
-1.82356 0.778315 -1.15324 0.13965 0.152769 0.000656 -0 -1
-1.96917 0.803815 -1.15333 0.099303 0.145703 0.000656 4e-06 -1
-1.82415 0.833522 -1.15324 0.139486 0.137471 0.000655 -0 -1
-1.95466 0.751462 -1.15332 0.103323 0.16021 0.000656 3e-06 -1
-1.96917 0.803815 -1.15333 0.099303 0.145703 0.000656 4e-06 -1
-1.82356 0.778315 -1.15324 0.13965 0.152769 0.000656 -0 -1
-1.97735 0.868843 -1.20535 0.961308 0.046 -0.319162 0.9477 -0.000209
-2.11613 0.796284 -1.10028 0.992144 0.00756198 -0.596398 0.802689 -0.000394
-1.97741 0.868843 -1.10019 0.992144 0.046 -0.319161 0.947701 -0.00021
-2.11606 0.796284 -1.20544 0.961308 0.00756198 -0.596397 0.802689 -0.000392
-2.11613 0.796284 -1.10028 0.992144 0.00756198 -0.596398 0.802689 -0.000394
-1.97735 0.868843 -1.20535 0.961308 0.046 -0.319162 0.9477 -0.000209
-2.09938 0.720714 -1.15342 0.101849 0.983642 0.672232 -0.740341 0.000441
-1.9691 0.803816 -1.25217 0.124877 0.954659 0.379247 -0.925295 0.000249
-1.96917 0.803815 -1.15333 0.124876 0.983642 0.379246 -0.925296 0.000246
-2.09932 0.720714 -1.25226 0.101849 0.954659 0.672231 -0.740341 0.000441
-1.9691 0.803816 -1.25217 0.124877 0.954659 0.379247 -0.925295 0.000249
-2.09938 0.720714 -1.15342 0.101849 0.983642 0.672232 -0.740341 0.000441
-1.97741 0.868843 -1.10019 0.898517 0.144947 -0.000654 -1e-06 1
-2.08749 0.757738 -1.10026 0.875194 0.168055 -0.000667 1.3e-05 1
-1.96209 0.82333 -1.10018 0.888963 0.14173 -0.000652 -3e-06 1
-2.11613 0.796284 -1.10028 0.883286 0.174067 -0.000668 1.5e-05 1
-2.08749 0.757738 -1.10026 0.875194 0.168055 -0.000667 1.3e-05 1
-1.97741 0.868843 -1.10019 0.898517 0.144947 -0.000654 -1e-06 1
-1.95466 0.751462 -1.15332 0.103323 0.16021 0.000656 3e-06 -1
-2.09938 0.720714 -1.15342 0.06322 0.16873 0.000657 -3e-06 -1
-1.96917 0.803815 -1.15333 0.099303 0.145703 0.000656 4e-06 -1
-2.07238 0.676335 -1.1534 0.070703 0.181028 0.000657 -4e-06 -1
-2.09938 0.720714 -1.15342 0.06322 0.16873 0.000657 -3e-06 -1
-1.95466 0.751462 -1.15332 0.103323 0.16021 0.000656 3e-06 -1
-2.11606 0.796284 -1.20544 0.961308 0.406381 -0.596397 0.802689 -0.000392
-2.22564 0.684413 -1.10035 0.992144 0.375382 -0.815255 0.579102 -0.000539
-2.11613 0.796284 -1.10028 0.992144 0.406381 -0.596398 0.802689 -0.000394
-2.22557 0.684413 -1.20551 0.961308 0.375382 -0.815252 0.579106 -0.000535
-2.22564 0.684413 -1.10035 0.992144 0.375382 -0.815255 0.579102 -0.000539
-2.11606 0.796284 -1.20544 0.961308 0.406381 -0.596397 0.802689 -0.000392
-2.20206 0.59235 -1.15349 0.06628 0.983642 0.865176 -0.501468 0.000566
-2.09932 0.720714 -1.25226 0.101849 0.954659 0.672231 -0.740341 0.000441
-2.09938 0.720714 -1.15342 0.101849 0.983642 0.672232 -0.740341 0.000441
-2.20199 0.59235 -1.25233 0.06628 0.954659 0.865176 -0.501468 0.000567
-2.09932 0.720714 -1.25226 0.101849 0.954659 0.672231 -0.740341 0.000441
-2.20206 0.59235 -1.15349 0.06628 0.983642 0.865176 -0.501468 0.000566
-2.11613 0.796284 -1.10028 0.883286 0.174067 -0.000668 1.5e-05 1
-2.18649 0.656604 -1.10032 0.853963 0.188836 -0.000671 9e-06 1
-2.08749 0.757738 -1.10026 0.875194 0.168055 -0.000667 1.3e-05 1
-2.22564 0.684413 -1.10035 0.859801 0.197055 -0.00067 9e-06 1
-2.18649 0.656604 -1.10032 0.853963 0.188836 -0.000671 9e-06 1
-2.11613 0.796284 -1.10028 0.883286 0.174067 -0.000668 1.5e-05 1
-2.07238 0.676335 -1.1534 0.070703 0.181028 0.000657 -4e-06 -1
-2.20206 0.59235 -1.15349 0.034769 0.2043 0.000655 2e-06 -1
-2.09938 0.720714 -1.15342 0.06322 0.16873 0.000657 -3e-06 -1
-2.1652 0.560291 -1.15346 0.044983 0.213183 0.000654 3e-06 -1
-2.20206 0.59235 -1.15349 0.034769 0.2043 0.000655 2e-06 -1
-2.07238 0.676335 -1.1534 0.070703 0.181028 0.000657 -4e-06 -1
-2.31805 0.389306 -1.10041 0.720258 0.996504 0.010679 -0.999943 7e-06
-2.26999 0.389819 -1.15353 0.733564 0.980918 0.010686 -0.999943 7e-06
-2.27003 0.389819 -1.10038 0.733564 0.996504 0.010686 -0.999943 7e-06
-2.31805 0.389306 -1.10041 0.720258 0.996504 0.010679 -0.999943 7e-06
-2.27206 0.389797 -1.15353 0.732992 0.980918 0.010679 -0.999943 7e-06
-2.26999 0.389819 -1.15353 0.733564 0.980918 0.010686 -0.999943 7e-06
-2.31687 0.389306 -2.90083 0.720258 0.468574 0.010689 -0.999943 7e-06
-2.27206 0.389797 -1.15353 0.732992 0.980918 0.010679 -0.999943 7e-06
-2.31805 0.389306 -1.10041 0.720258 0.996504 0.010679 -0.999943 7e-06
-2.31687 0.389306 -2.90083 0.720258 0.468574 0.010689 -0.999943 7e-06
-2.27199 0.389797 -1.25237 0.732992 0.951935 0.010685 -0.999943 7e-06
-2.27206 0.389797 -1.15353 0.732992 0.980918 0.010679 -0.999943 7e-06
-2.27095 0.389797 -2.8457 0.732991 0.484728 0.010686 -0.999943 8e-06
-2.26885 0.389819 -2.90079 0.733564 0.468574 0.010686 -0.999943 7e-06
-2.26888 0.389819 -2.8457 0.733564 0.484728 0.010686 -0.999943 7e-06
-2.27095 0.389797 -2.8457 0.732991 0.484728 0.010686 -0.999943 8e-06
-2.31687 0.389306 -2.90083 0.720258 0.468574 0.010689 -0.999943 7e-06
-2.26885 0.389819 -2.90079 0.733564 0.468574 0.010686 -0.999943 7e-06
-2.31687 0.389306 -2.90083 0.720258 0.468574 0.010689 -0.999943 7e-06
-2.27101 0.389797 -2.74686 0.732991 0.513711 0.01069 -0.999943 7e-06
-2.27199 0.389797 -1.25237 0.732992 0.951935 0.010685 -0.999943 7e-06
-2.31687 0.389306 -2.90083 0.720258 0.468574 0.010689 -0.999943 7e-06
-2.27095 0.389797 -2.8457 0.732991 0.484728 0.010686 -0.999943 8e-06
-2.27101 0.389797 -2.74686 0.732991 0.513711 0.01069 -0.999943 7e-06
-2.22557 0.684413 -1.20551 0.961308 0.375382 -0.815252 0.579106 -0.000535
-2.29521 0.544178 -1.1004 0.992144 0.336523 -0.954304 0.298837 -0.00062
-2.22564 0.684413 -1.10035 0.992144 0.375382 -0.815255 0.579102 -0.000539
-2.29514 0.544178 -1.20556 0.961308 0.336523 -0.954304 0.298836 -0.000626
-2.29521 0.544178 -1.1004 0.992144 0.336523 -0.954304 0.298837 -0.00062
-2.22557 0.684413 -1.20551 0.961308 0.375382 -0.815252 0.579106 -0.000535
-2.26714 0.43129 -1.15353 0.02165 0.983642 0.945147 -0.326645 0.00062
-2.20199 0.59235 -1.25233 0.06628 0.954659 0.865176 -0.501468 0.000567
-2.20206 0.59235 -1.15349 0.06628 0.983642 0.865176 -0.501468 0.000566
-2.26707 0.43129 -1.25237 0.02165 0.954659 0.945147 -0.326645 0.00062
-2.20199 0.59235 -1.25233 0.06628 0.954659 0.865176 -0.501468 0.000567
-2.26714 0.43129 -1.15353 0.02165 0.983642 0.945147 -0.326645 0.00062
-2.22564 0.684413 -1.10035 0.859801 0.197055 -0.00067 9e-06 1
-2.24938 0.529827 -1.10037 0.82735 0.20204 -0.000662 2e-06 1
-2.18649 0.656604 -1.10032 0.853963 0.188836 -0.000671 9e-06 1
-2.29521 0.544178 -1.1004 0.830363 0.211661 -0.00066 2e-06 1
-2.24938 0.529827 -1.10037 0.82735 0.20204 -0.000662 2e-06 1
-2.22564 0.684413 -1.10035 0.859801 0.197055 -0.00067 9e-06 1
-2.1652 0.560291 -1.15346 0.044983 0.213183 0.000654 3e-06 -1
-2.26714 0.43129 -1.15353 0.016735 0.24893 0.000656 1e-06 -1
-2.20206 0.59235 -1.15349 0.034769 0.2043 0.000655 2e-06 -1
-2.22403 0.414689 -1.1535 0.02868 0.25353 0.000657 -0 -1
-2.26714 0.43129 -1.15353 0.016735 0.24893 0.000656 1e-06 -1
-2.1652 0.560291 -1.15346 0.044983 0.213183 0.000654 3e-06 -1
-2.26707 0.43129 -1.25237 0.02165 0.954659 0.945147 -0.326645 0.00062
-2.27206 0.389797 -1.15353 0.010152 0.983642 0.993036 -0.117808 0.000652
-2.27199 0.389797 -1.25237 0.010152 0.954659 0.993036 -0.117808 0.000651
-2.26714 0.43129 -1.15353 0.02165 0.983642 0.945147 -0.326645 0.00062
-2.27206 0.389797 -1.15353 0.010152 0.983642 0.993036 -0.117808 0.000652
-2.26707 0.43129 -1.25237 0.02165 0.954659 0.945147 -0.326645 0.00062
-2.29514 0.544178 -1.20556 0.961308 0.336523 -0.954304 0.298836 -0.000626
-2.31805 0.389306 -1.10041 0.992145 0.293608 -0.989303 0.145873 -0.000646
-2.29521 0.544178 -1.1004 0.992144 0.336523 -0.954304 0.298837 -0.00062
-2.31798 0.389306 -1.20557 0.961308 0.293608 -0.989304 0.145871 -0.000649
-2.31805 0.389306 -1.10041 0.992145 0.293608 -0.989303 0.145873 -0.000646
-2.29514 0.544178 -1.20556 0.961308 0.336523 -0.954304 0.298836 -0.000626
-2.29521 0.544178 -1.1004 0.830363 0.211661 -0.00066 2e-06 1
-2.27003 0.389819 -1.10038 0.797959 0.206374 -0.000647 3e-06 1
-2.24938 0.529827 -1.10037 0.82735 0.20204 -0.000662 2e-06 1
-2.31805 0.389306 -1.10041 0.797851 0.216455 -0.000645 4e-06 1
-2.27003 0.389819 -1.10038 0.797959 0.206374 -0.000647 3e-06 1
-2.29521 0.544178 -1.1004 0.830363 0.211661 -0.00066 2e-06 1
-2.26999 0.389819 -1.15353 0.733564 0.980918 0.010686 -0.999943 7e-06
-1.81772 0.394653 -1.10008 0.858898 0.996504 0.010686 -0.999943 7e-06
-2.27003 0.389819 -1.10038 0.733564 0.996504 0.010686 -0.999943 7e-06
-2.22693 0.390279 -1.1535 0.745498 0.980918 0.010687 -0.999943 2e-06
-1.81772 0.394653 -1.10008 0.858898 0.996504 0.010686 -0.999943 7e-06
-2.26999 0.389819 -1.15353 0.733564 0.980918 0.010686 -0.999943 7e-06
-2.22693 0.390279 -1.1535 0.745498 0.980918 0.010687 -0.999943 2e-06
-1.81768 0.394653 -1.15323 0.858898 0.980918 0.010686 -0.999943 7e-06
-1.81772 0.394653 -1.10008 0.858898 0.996504 0.010686 -0.999943 7e-06
-2.22403 0.414689 -1.1535 0.02868 0.25353 0.000657 -0 -1
-2.27206 0.389797 -1.15353 0.015371 0.260427 0.000657 5e-06 -1
-2.26714 0.43129 -1.15353 0.016735 0.24893 0.000656 1e-06 -1
-2.22403 0.414689 -1.1535 0.02868 0.25353 0.000657 -0 -1
-2.26999 0.389819 -1.15353 0.015943 0.260421 0.000662 1e-06 -1
-2.27206 0.389797 -1.15353 0.015371 0.260427 0.000657 5e-06 -1
-2.22693 0.390279 -1.1535 0.027877 0.260294 0.000663 -1e-06 -1
-2.26999 0.389819 -1.15353 0.015943 0.260421 0.000662 1e-06 -1
-2.22403 0.414689 -1.1535 0.02868 0.25353 0.000657 -0 -1
-1.38786 0.539021 -2.90021 0.530472 0.109408 0.000656 -1e-06 -1
-2.26885 0.389819 -2.90079 0.286351 0.150752 0.000656 1e-06 -1
-2.2482 0.529826 -2.90078 0.292072 0.111956 0.000656 2e-06 -1
-1.36423 0.399487 -2.9002 0.53702 0.148073 0.000657 -2e-06 -1
-2.26885 0.389819 -2.90079 0.286351 0.150752 0.000656 1e-06 -1
-1.38786 0.539021 -2.90021 0.530472 0.109408 0.000656 -1e-06 -1
-1.45345 0.664423 -2.90026 0.512296 0.074659 0.000656 8e-06 -1
-2.2482 0.529826 -2.90078 0.292072 0.111956 0.000657 -1e-06 -1
-2.1853 0.656604 -2.90074 0.309501 0.076826 0.000658 -3e-06 -1
-1.38786 0.539021 -2.90021 0.530472 0.109408 0.000656 9e-06 -1
-2.2482 0.529826 -2.90078 0.292072 0.111956 0.000657 -1e-06 -1
-1.45345 0.664423 -2.90026 0.512296 0.074659 0.000656 8e-06 -1
-1.55459 0.76342 -2.90032 0.484272 0.047227 0.000658 -7e-06 -1
-2.1853 0.656604 -2.90074 0.309501 0.076826 0.000657 -2e-06 -1
-2.08631 0.757738 -2.90067 0.336932 0.048802 0.000657 -0 -1
-1.45345 0.664423 -2.90026 0.512296 0.074659 0.000658 -7e-06 -1
-2.1853 0.656604 -2.90074 0.309501 0.076826 0.000657 -2e-06 -1
-1.55459 0.76342 -2.90032 0.484272 0.047227 0.000658 -7e-06 -1
-1.68136 0.826318 -2.90041 0.449142 0.029798 0.000656 -1e-06 -1
-2.08631 0.757738 -2.90067 0.336932 0.048802 0.000653 2e-05 -1
-1.96091 0.823331 -2.90059 0.371681 0.030626 0.000649 4.1e-05 -1
-1.55459 0.76342 -2.90032 0.484272 0.047227 0.000657 -3e-06 -1
-2.08631 0.757738 -2.90067 0.336932 0.048802 0.000653 2e-05 -1
-1.68136 0.826318 -2.90041 0.449142 0.029798 0.000656 -1e-06 -1
-1.68136 0.826318 -2.90041 0.449142 0.029798 0.00065 -3.1e-05 -1
-1.96091 0.823331 -2.90059 0.371681 0.030626 0.00065 -3.1e-05 -1
-1.82137 0.846962 -2.9005 0.410346 0.024078 0.00065 -3.1e-05 -1
-2.24938 0.529827 -1.10037 0.257859 0.088202 -0.000657 1e-06 1
-1.36541 0.399487 -1.09978 0.012911 0.124319 -0.000656 6e-06 1
-1.38904 0.539021 -1.0998 0.019459 0.085654 -0.000656 6e-06 1
-2.27003 0.389819 -1.10038 0.263579 0.126998 -0.000657 0 1
-1.36541 0.399487 -1.09978 0.012911 0.124319 -0.000656 6e-06 1
-2.24938 0.529827 -1.10037 0.257859 0.088202 -0.000657 1e-06 1
-2.18649 0.656604 -1.10032 0.24043 0.053072 -0.000656 -5e-06 1
-1.38904 0.539021 -1.0998 0.019459 0.085654 -0.000655 -2e-06 1
-1.45464 0.664423 -1.09984 0.037635 0.050905 -0.000655 -1e-06 1
-2.24938 0.529827 -1.10037 0.257859 0.088202 -0.000656 -5e-06 1
-1.38904 0.539021 -1.0998 0.019459 0.085654 -0.000655 -2e-06 1
-2.18649 0.656604 -1.10032 0.24043 0.053072 -0.000656 -5e-06 1
-2.08749 0.757738 -1.10026 0.212999 0.025048 -0.000655 -1e-06 1
-1.45464 0.664423 -1.09984 0.037634 0.050905 -0.000656 -5e-06 1
-1.55577 0.76342 -1.09991 0.065659 0.023473 -0.000656 -7e-06 1
-2.18649 0.656604 -1.10032 0.24043 0.053072 -0.000655 -1e-06 1
-1.45464 0.664423 -1.09984 0.037634 0.050905 -0.000656 -5e-06 1
-2.08749 0.757738 -1.10026 0.212999 0.025048 -0.000655 -1e-06 1
-1.96209 0.82333 -1.10018 0.17825 0.006872 -0.000657 1.3e-05 1
-1.55577 0.76342 -1.09991 0.065659 0.023473 -0.000658 4e-06 1
-1.68254 0.826318 -1.09999 0.100788 0.00604397 -0.000659 -6e-06 1
-2.08749 0.757738 -1.10026 0.212999 0.025048 -0.000656 1.4e-05 1
-1.55577 0.76342 -1.09991 0.065659 0.023473 -0.000658 4e-06 1
-1.96209 0.82333 -1.10018 0.17825 0.006872 -0.000657 1.3e-05 1
-1.96209 0.82333 -1.10018 0.17825 0.006872 -0.00066 2e-05 1
-1.68254 0.826318 -1.09999 0.100788 0.00604498 -0.00066 2e-05 1
-1.82255 0.846962 -1.10009 0.139584 0.000324011 -0.00066 2e-05 1
-1.41088 0.398988 -2.84514 0.284972 0.280022 -0.000656 -8e-06 1
-2.22292 0.414689 -2.84567 0.509986 0.275672 -0.000656 3.6e-05 1
-2.22582 0.390279 -2.84567 0.510789 0.282436 -0.000656 3.7e-05 1
-1.4143 0.423331 -2.84514 0.285919 0.273277 -0.000656 -9e-06 1
-2.22292 0.414689 -2.84567 0.509986 0.275672 -0.000656 3.6e-05 1
-1.41088 0.398988 -2.84514 0.284972 0.280022 -0.000656 -8e-06 1
-2.22693 0.390279 -1.1535 0.027877 0.260294 0.000657 1e-06 -1
-1.41541 0.423331 -1.15297 0.252747 0.251135 0.000656 3.6e-05 -1
-1.412 0.398989 -1.15297 0.253694 0.25788 0.000656 3.7e-05 -1
-2.22403 0.414689 -1.1535 0.02868 0.25353 0.000657 -0 -1
-1.41541 0.423331 -1.15297 0.252747 0.251135 0.000656 3.6e-05 -1
-2.22693 0.390279 -1.1535 0.027877 0.260294 0.000657 1e-06 -1
-1.4143 0.423331 -2.84514 0.285919 0.273277 -0.000655 -6e-06 1
-2.16408 0.560291 -2.84563 0.493683 0.235325 -0.000656 -1.3e-05 1
-2.22292 0.414689 -2.84567 0.509986 0.275672 -0.000656 -1.4e-05 1
-1.47623 0.567643 -2.84518 0.30308 0.233288 -0.000655 -4e-06 1
-2.16408 0.560291 -2.84563 0.493683 0.235325 -0.000656 -1.3e-05 1
-1.4143 0.423331 -2.84514 0.285919 0.273277 -0.000655 -6e-06 1
-2.22403 0.414689 -1.1535 0.02868 0.25353 0.000657 -2e-06 -1
-1.47734 0.567642 -1.15301 0.235586 0.211146 0.000657 -6e-06 -1
-1.41541 0.423331 -1.15297 0.252747 0.251135 0.000657 -7e-06 -1
-2.1652 0.560291 -1.15346 0.044983 0.213183 0.000656 -1e-06 -1
-1.47734 0.567642 -1.15301 0.235586 0.211146 0.000657 -6e-06 -1
-2.22403 0.414689 -1.1535 0.02868 0.25353 0.000657 -2e-06 -1
-1.47623 0.567643 -2.84518 0.30308 0.233288 -0.000655 9e-06 1
-2.07127 0.676336 -2.84557 0.467963 0.20317 -0.000655 1e-05 1
-2.16408 0.560291 -2.84563 0.493683 0.235325 -0.000655 1e-05 1
-1.57151 0.681676 -2.84524 0.329482 0.20169 -0.000655 9e-06 1
-2.07127 0.676336 -2.84557 0.467963 0.20317 -0.000655 1e-05 1
-1.47623 0.567643 -2.84518 0.30308 0.233288 -0.000655 9e-06 1
-2.1652 0.560291 -1.15346 0.044983 0.213183 0.000656 1e-06 -1
-1.57262 0.681676 -1.15307 0.209184 0.179548 0.000656 3e-06 -1
-1.47734 0.567642 -1.15301 0.235586 0.211146 0.000656 3e-06 -1
-2.07238 0.676335 -1.1534 0.070703 0.181028 0.000656 1e-06 -1
-1.57262 0.681676 -1.15307 0.209184 0.179548 0.000656 3e-06 -1
-2.1652 0.560291 -1.15346 0.044983 0.213183 0.000656 1e-06 -1
-1.57151 0.681676 -2.84524 0.329482 0.20169 -0.000659 -1.4e-05 1
-1.95355 0.751462 -2.8455 0.435343 0.182352 -0.000655 5e-06 1
-2.07127 0.676336 -2.84557 0.467963 0.20317 -0.000655 7e-06 1
-1.69081 0.75427 -2.84532 0.362539 0.181574 -0.000663 -3.5e-05 1
-1.95355 0.751462 -2.8455 0.435343 0.182352 -0.000655 5e-06 1
-1.57151 0.681676 -2.84524 0.329482 0.20169 -0.000659 -1.4e-05 1
-2.07238 0.676335 -1.1534 0.070703 0.181028 0.000657 -2e-06 -1
-1.69192 0.75427 -1.15315 0.176127 0.159432 0.000657 0 -1
-1.57262 0.681676 -1.15307 0.209184 0.179548 0.000657 0 -1
-1.95466 0.751462 -1.15332 0.103323 0.16021 0.000658 -5e-06 -1
-1.69192 0.75427 -1.15315 0.176127 0.159432 0.000657 0 -1
-2.07238 0.676335 -1.1534 0.070703 0.181028 0.000657 -2e-06 -1
-1.69081 0.75427 -2.84532 0.362539 0.181574 -0.000664 9e-06 1
-1.82245 0.778315 -2.84541 0.399016 0.174911 -0.000664 9e-06 1
-1.95355 0.751462 -2.8455 0.435343 0.182352 -0.000664 9e-06 1
-1.95466 0.751462 -1.15332 0.103323 0.16021 0.000658 2e-06 -1
-1.82356 0.778315 -1.15324 0.13965 0.152769 0.000658 2e-06 -1
-1.69192 0.75427 -1.15315 0.176127 0.159432 0.000658 2e-06 -1
